11 22
11 23
9 20
8 21
8 20
8 20
8 72
8 25
8 29
8 73
8 41
8 20
8 20
8 21
8 21
8 40
8 38
8 35
8 35
7 40
7 40
7 75
7 30
7 29
7 73
7 24
7 73
7 20
7 31
7 28
7 83
7 83
7 20
7 36
7 20
7 20
7 46
7 21
7 21
7 21
7 20
7 20
7 20
7 21
7 21
7 21
7 22
7 21
7 40
7 40
7 41
7 41
7 35
7 37
7 35
7 35
7 37
7 22
7 28
6 21
6 20
6 20
6 20
6 21
6 24
6 29
6 21
6 20
6 21
6 24
6 20
6 22
6 24
6 37
6 20
6 20
6 83
6 85
6 20
6 20
6 30
6 20
6 85
6 31
6 20
6 20
6 42
6 26
6 22
6 37
6 76
6 20
6 22
6 22
6 21
6 21
6 22
6 86
6 23
6 37
6 36
6 37
6 37
6 20
6 25
5 41
5 47
5 21
5 20
5 43
5 42
5 22
5 21
5 38
5 22
5 25
5 22
5 20
5 21
5 29
5 27
5 73
5 21
5 23
5 33
5 24
5 24
5 22
5 21
5 22
5 20
5 36
5 20
5 20
5 20
5 36
5 20
5 36
5 35
5 75
5 24
5 75
5 20
5 30
5 36
5 29
5 27
5 28
5 28
5 22
5 24
5 25
5 32
5 29
5 53
5 24
5 40
5 47
5 46
5 40
5 40
5 40
5 39
5 28
5 36
5 27
5 26
5 21
5 32
5 23
5 33
5 26
5 21
5 22
5 22
5 25
5 21
5 28
5 22
5 23
5 22
5 22
5 34
5 24
5 39
5 40
5 20
5 20
5 36
5 20
5 20
5 37
5 20
5 76
5 20
5 21
5 21
5 24
5 20
5 24
5 23
5 23
5 41
5 20
5 35
5 34
5 34
5 22
5 22
5 36
5 33
5 42
5 40
5 22
5 22
5 41
5 42
5 59
5 20
5 20
5 37
5 38
5 21
5 87
5 38
5 28
5 27
5 22
5 25
5 40
5 43
5 41
5 37
5 24
5 37
5 37
5 35
5 36
5 37
5 37
5 37
5 36
5 41
5 37
5 22
5 22
5 22
5 24
5 31
5 30
5 25
5 27
5 25
5 21
5 22
5 35
5 36
5 38
5 39
5 42
5 44
5 39
5 40
5 21
5 20
5 22
5 25
5 21
5 23
5 24
5 24
5 23
5 36
5 23
5 26
5 61
5 25
5 52
5 22
4 26
4 66
4 21
4 24
4 24
4 38
4 35
4 35
4 30
4 21
4 24
4 51
4 28
4 24
4 26
4 26
4 20
4 20
4 20
4 30
4 36
4 29
4 27
4 28
4 21
4 30
4 31
4 30
4 26
4 23
4 25
4 25
4 23
4 32
4 27
4 31
4 53
4 55
4 31
4 44
4 36
4 22
4 41
4 46
4 46
4 40
4 40
4 40
4 25
4 24
4 22
4 26
4 27
4 23
4 58
4 31
4 30
4 29
4 26
4 20
4 27
4 21
4 21
4 21
4 21
4 33
4 29
4 20
4 21
4 26
4 24
4 20
4 48
4 33
4 23
4 20
4 23
4 31
4 24
4 22
4 23
4 53
4 32
4 34
4 36
4 20
4 20
4 22
4 41
4 32
4 30
4 25
4 21
4 21
4 23
4 23
4 23
4 20
4 24
4 48
4 21
4 26
4 21
4 28
4 27
4 26
4 28
4 33
4 29
4 27
4 33
4 29
4 26
4 25
4 22
4 30
4 31
4 27
4 25
4 24
4 21
4 42
4 39
4 47
4 42
4 22
4 22
4 39
4 40
4 20
4 21
4 22
4 20
4 35
4 22
4 23
4 35
4 24
4 25
4 24
4 35
4 28
4 61
4 63
4 27
4 53
4 23
4 22
4 22
4 21
4 20
4 20
4 21
4 20
4 25
3 29
3 20
3 29
3 71
3 21
3 23
3 20
3 32
3 34
3 31
3 31
3 24
3 20
3 24
3 20
3 27
3 37
3 28
3 36
3 34
3 28
3 21
3 23
3 30
3 33
3 38
3 21
3 21
3 20
3 25
3 21
3 20
3 33
3 20
3 44
3 21
3 30
3 24
3 23
3 24
3 29
3 29
3 29
3 23
3 26
3 21
3 21
3 21
3 21
3 23
3 28
3 62
3 27
3 27
3 27
3 27
3 27
3 27
3 27
3 34
3 21
3 35
3 26
3 26
3 36
3 36
3 36
3 25
3 29
3 29
3 29
3 36
3 23
3 35
3 26
3 29
3 32
3 26
3 69
3 33
3 43
3 42
3 62
3 21
3 26
3 69
3 37
3 34
3 33
3 32
3 27
3 38
3 23
3 23
3 21
3 25
3 32
3 48
3 36
3 45
3 22
3 32
3 25
3 24
3 24
3 49
3 20
3 35
3 23
3 28
3 41
3 23
3 25
3 41
3 40
3 23
3 23
3 33
3 22
3 20
3 20
3 24
3 22
3 20
3 39
3 23
3 23
3 21
3 21
3 25
3 26
3 22
3 21
3 20
3 39
3 23
3 67
3 21
3 21
3 20
3 30
3 30
3 30
3 32
3 31
3 33
3 31
3 39
3 24
3 24
3 29
3 28
3 28
3 27
3 25
3 23
3 28
3 37
3 31
3 37
3 23
3 22
3 67
3 34
3 66
3 65
3 38
3 29
3 20
3 27
3 21
3 26
3 49
3 21
3 21
3 22
3 21
3 22
3 31
3 40
3 27
3 27
3 27
3 26
3 26
3 32
3 39
3 28
3 20
3 39
3 20
3 38
3 36
3 21
3 20
3 21
3 43
3 32
3 31
3 33
3 21
3 32
3 39
3 20
3 48
3 28
3 28
3 28
3 27
3 20
3 47
3 47
3 47
3 26
3 63
3 20
3 20
3 23
3 43
3 28
3 25
3 25
3 20
3 29
3 33
3 42
3 39
3 31
3 49
3 25
3 59
3 59
3 23
3 21
3 33
3 44
3 24
3 24
3 53
3 52
3 31
3 24
3 36
3 55
3 35
3 22
3 29
3 21
3 32
3 28
3 27
3 39
3 37
3 35
3 24
3 38
3 44
3 79
3 39
3 40
3 37
3 39
3 37
3 38
3 36
3 38
3 38
3 32
3 20
3 54
3 54
3 63
3 39
3 38
3 38
3 38
3 20
3 20
3 21
3 31
3 20
3 23
3 23
3 23
3 24
3 24
3 24
3 27
3 20
3 23
3 23
3 23
3 27
3 25
3 35
3 23
3 56
3 30
3 31
3 31
3 30
3 29
3 28
3 31
3 20
3 22
3 34
3 35
3 34
3 36
3 34
3 40
3 34
3 34
3 35
3 35
3 34
3 30
3 27
3 27
3 21
3 39
3 39
3 40
3 22
3 23
3 23
3 21
3 47
3 20
3 23
3 26
3 20
3 37
3 20
3 22
3 23
3 22
3 20
3 33
3 26
3 22
3 25
3 28
3 20
3 30
3 65
3 62
3 63
3 24
3 25
3 23
3 33
3 36
3 32
3 36
3 29
3 36
3 29
3 31
3 32
3 32
3 29
3 23
3 26
3 22
3 21
3 21
3 22
3 20
3 20
3 21
3 32
3 33
3 22
3 23
3 23
3 22
3 22
3 22
3 33
3 24
3 22
3 22
3 36
3 35
3 35
3 33
3 35
3 33
3 35
3 35
3 33
3 35
3 25
3 25
3 25
3 24
3 25
3 24
3 25
3 24
3 25
3 25
3 24
3 25
3 26
3 24
3 26
3 24
3 24
3 25
3 25
3 24
3 29
3 29
3 29
3 23
3 48
3 34
3 21
3 20
3 22
3 52
3 52
3 53
3 20
3 22
3 23
3 25
3 24
3 20
3 22
3 23
3 27
3 30
3 32
3 24
3 26
3 27
3 31
3 28
3 27
3 39
3 37
3 37
3 42
3 25
3 55
3 53
3 53
3 36
3 24
3 25
3 24
3 21
3 21
3 21
3 21
3 22
3 21
3 21
3 21
3 21
3 21
3 24
3 21
3 22
3 29
3 29
3 29
3 29
3 29
3 29
3 28
3 28
3 28
3 28
3 36
3 23
3 33
3 27
3 32
3 26
3 29
3 24
3 24
3 29
3 48
3 47
3 47
3 20
3 20
3 20
3 22
3 22
3 22
3 21
3 22
3 21
3 22
3 22
3 21
3 22
3 37
3 37
3 22
3 22
3 20
3 43
3 43
3 43
3 43
3 44
3 43
3 43
3 43
3 43
3 43
3 22
3 37
3 34
3 34
3 24
3 29
3 23
3 24
3 20
3 30
3 30
3 30
3 90
3 91
3 42
3 42
3 20
3 22
3 40
3 38
3 38
3 20
3 20
3 20
3 21
3 23
3 20
3 31
3 30
3 23
3 27
3 27
3 23
3 29
3 23
3 23
3 23
3 29
3 68
3 37
3 37
3 37
3 32
3 25
3 28
3 27
3 27
3 21
3 21
3 21
3 20
3 21
3 20
3 20
3 39
3 20
3 38
3 38
3 38
3 23
3 22
3 23
3 25
3 21
3 24
3 22
3 24
3 21
3 23
3 23
3 24
3 23
3 23
3 23
3 43
3 20
3 27
3 21
3 37
3 48
3 20
3 43
3 40
3 20
3 20
3 27
3 27
3 24
3 25
3 24
3 24
3 56
3 56
3 57
3 21
3 20
3 20
3 22
3 22
3 22
3 25
3 21
3 34
3 67
3 67
3 67
3 21
3 21
3 21
3 27
3 26
3 26
3 70
3 64
3 69
3 20
3 25
3 38
3 71
3 30
3 29
3 22
3 20
3 20
3 20
3 20
3 20
3 22
3 21
3 20
3 20
3 40
3 40
3 40
3 26
3 25
3 26
3 23
3 23
3 23
3 30
3 21
3 32
3 32
3 32
3 22
3 22
3 22
3 20
3 20
3 40
3 39
3 20
3 39
3 20
3 34
3 24
3 25
3 27
3 27
3 28
3 26
3 27
3 26
3 26
3 26
3 26
3 26
3 24
3 20
3 20
3 26
3 24
3 24
3 20
3 28
3 23
3 23
3 23
3 42
3 42
3 42
3 22
3 23
3 22
3 23
3 27
3 26
3 21
3 30
3 27
3 22
3 22
3 22
3 22
3 22
3 22
3 22
3 22
3 22
3 22
3 32
3 21
3 35
3 24
3 21
3 20
3 20
3 28
3 20
3 21
3 24
3 26
3 22
3 22
3 22
3 20
3 20
3 20
3 21
3 20
3 20
3 22
3 22
3 22
3 28
3 28
3 29
3 20
3 24
3 45
3 21
3 23
3 21
3 24
3 24
3 24
3 24
3 24
3 24
3 39
3 35
3 35
3 65
3 49
3 29
3 23
3 25
3 66
3 21
3 21
3 21
3 25
3 25
3 26
3 20
3 20
3 37
3 37
3 37
3 39
3 35
3 72
3 21
3 29
3 49
3 24
3 38
3 31
3 31
3 46
3 40
3 21
3 41
3 35
3 28
3 28
3 28
3 28
3 28
3 28
3 28
3 28
3 29
3 28
3 20
3 23
3 31
3 35
3 24
3 41
3 26
3 21
3 20
3 23
3 33
3 27
3 23
3 37
3 27
3 23
3 58
3 58
3 56
3 63
3 58
3 58
3 21
3 27
3 22
3 21
3 21
3 21
3 21
3 21
3 55
3 55
3 54
3 45
3 22
3 23
3 22
3 28
3 28
3 28
3 28
3 28
3 28
3 28
3 28
3 28
3 28
3 32
3 32
3 32
3 27
3 23
3 23
3 31
3 25
3 61
3 30
3 52
3 50
3 28
3 29
3 21
3 21
3 21
3 43
3 43
3 43
3 22
3 22
3 23
3 20
3 20
3 20
3 33
3 32
3 32
3 42
3 39
3 45
3 32
3 32
3 38
3 31
3 22
3 22
3 24
3 21
3 22
3 21
3 22
3 22
3 21
3 22
3 45
3 24
3 22
3 30
3 23
3 23
3 22
3 23
3 23
3 22
3 23
3 23
3 23
3 22
3 40
3 59
3 58
3 58
3 21
3 23
3 21
3 26
3 27
3 30
3 32
3 29
3 27
3 26
3 27
3 29
3 29
3 29
3 20
3 20
3 21
3 24
3 27
3 25
3 23
3 23
3 27
3 22
3 22
3 22
3 22
3 22
3 22
3 22
3 22
3 22
3 22
3 35
3 34
3 34
3 23
3 25
3 23
3 36
3 33
3 33
3 30
3 27
3 31
3 27
3 28
3 23
3 21
3 23
3 39
3 22
3 28
3 27
3 27
3 23
3 27
3 23
3 23
3 29
3 26
3 25
3 25
3 26
3 27
3 27
3 23
3 63
3 62
3 63
3 26
3 21
3 21
3 20
3 20
3 39
3 20
3 51
3 45
3 42
3 27
3 30
3 26
3 20
3 74
3 44
3 44
3 44
3 20
3 20
3 20
3 20
3 25
3 37
3 32
3 22
3 21
3 28
3 39
3 43
3 21
3 40
3 25
3 22
3 37
3 25
3 29
3 28
3 39
3 39
3 39
3 23
3 23
3 23
3 37
3 21
3 20
3 20
3 28
3 41
3 29
3 26
3 23
3 32
3 27
3 32
3 23
3 32
3 26
3 29
3 25
3 25
3 29
3 21
3 21
3 21
3 40
3 86
3 38
3 21
3 32
3 37
3 23
3 21
3 43
3 25
3 21
3 78
3 80
3 82
3 77
3 20
3 38
3 38
3 39
3 27
3 30
3 28
3 20
3 32
3 32
3 33
3 32
3 31
3 31
3 39
3 25
3 38
3 38
3 39
3 37
3 38
3 37
3 38
3 38
3 37
3 38
3 38
3 21
3 33
3 28
3 28
3 29
3 28
3 28
3 28
3 27
3 27
3 27
3 27
3 26
3 29
3 45
3 24
3 43
3 43
3 27
3 26
3 27
3 28
3 28
3 28
3 63
3 61
3 61
3 50
3 39
3 37
3 37
3 29
3 22
3 22
3 22
3 23
3 26
3 26
3 26
3 107
3 104
3 107
3 27
3 29
3 27
3 34
3 34
3 33
3 31
3 25
3 20
3 28
3 24
3 22
3 40
3 35
3 42
3 30
3 32
3 35
3 53
3 27
3 23
3 25
3 28
3 38
3 22
3 20
3 20
3 25
3 41
3 34
3 32
3 26
3 26
3 26
3 24
3 24
3 24
3 25
3 24
3 27
3 20
3 23
3 30
3 35
3 30
3 22
3 20
3 21
3 35
3 30
3 20
3 33
3 33
3 33
3 34
3 37
3 57
3 41
3 37
3 37
3 40
3 37
3 40
3 37
3 37
3 37
3 21
3 21
3 27
3 74
3 66
3 39
3 43
3 33
3 33
3 84
3 76
3 94
3 73
3 39
3 40
3 35
3 33
3 34
3 64
3 29
3 21
3 20
3 24
3 24
3 24
3 25
3 25
3 25
3 52
3 49
3 49
3 22
3 26
3 27
3 33
3 24
3 22
3 43
3 27
3 29
3 35
3 29
3 23
3 23
3 23
3 28
3 28
3 28
3 54
3 71
3 52
3 52
3 52
3 84
3 20
3 25
3 22
3 22
3 22
3 24
3 27
3 21
3 24
3 27
3 23
3 34
3 35
3 35
3 23
3 23
3 23
3 24
3 24
3 24
3 44
3 29
3 38
3 50
3 22
3 21
3 20
3 77
3 76
3 77
3 37
3 38
3 38
3 32
3 35
3 31
3 21
3 21
3 21
3 47
3 47
3 47
3 27
3 27
3 27
3 20
3 37
3 31
3 32
3 49
3 43
3 43
3 31
3 28
3 36
3 36
3 36
3 21
3 23
3 21
3 35
3 35
3 35
3 48
3 33
3 49
3 46
3 47
3 46
3 45
3 20
3 39
3 39
3 24
3 24
3 24
3 35
3 35
3 35
3 23
3 23
3 23
3 20
3 20
3 20
3 20
3 20
3 20
3 23
3 22
3 23
3 21
3 21
3 21
3 28
3 39
3 38
3 38
3 29
3 73
3 72
3 72
3 26
3 26
3 26
3 26
3 26
3 26
3 21
3 21
3 21
3 21
3 21
3 21
3 21
3 21
3 21
3 21
3 22
3 22
3 22
3 22
3 22
3 22
3 35
3 21
3 26
3 26
3 26
3 23
3 23
3 25
3 23
3 24
3 23
3 24
3 23
3 23
3 23
3 21
3 21
3 22
3 23
3 22
3 25
3 28
3 23
3 21
3 26
3 42
3 42
3 25
3 36
3 69
3 69
3 69
3 34
3 37
3 34
3 27
3 37
3 39
3 37
3 37
3 41
3 38
3 20
3 20
3 20
3 33
3 26
3 25
3 25
3 20
3 20
3 22
3 22
3 22
3 22
3 39
3 26
3 20
3 69
3 53
3 20
3 29
3 24
3 70
3 34
3 22
3 20
3 22
3 21
3 21
3 37
3 20
3 20
3 35
3 36
3 57
3 57
3 57
3 26
3 26
3 26
3 33
2 20
2 23
2 22
2 22
2 22
2 20
2 28
2 34
2 22
2 20
2 46
2 46
2 22
2 24
2 21
2 22
2 27
2 25
2 22
2 49
2 23
2 28
2 31
2 33
2 29
2 24
2 20
2 21
2 23
2 23
2 25
2 26
2 20
2 27
2 22
2 63
2 34
2 25
2 22
2 28
2 26
2 32
2 20
2 20
2 24
2 25
2 27
2 29
2 20
2 45
2 40
2 20
2 21
2 20
2 27
2 22
2 33
2 30
2 32
2 38
2 23
2 30
2 24
2 20
2 21
2 21
2 25
2 24
2 20
2 28
2 21
2 38
2 29
2 32
2 29
2 30
2 27
2 28
2 24
2 22
2 22
2 46
2 22
2 32
2 22
2 31
2 26
2 27
2 30
2 33
2 33
2 22
2 35
2 30
2 29
2 38
2 21
2 28
2 24
2 52
2 23
2 31
2 27
2 36
2 23
2 20
2 24
2 22
2 34
2 43
2 22
2 21
2 22
2 25
2 30
2 30
2 26
2 32
2 21
2 25
2 28
2 33
2 24
2 31
2 36
2 33
2 22
2 29
2 21
2 25
2 23
2 24
2 29
2 26
2 96
2 60
2 22
2 23
2 22
2 20
2 26
2 24
2 24
2 30
2 36
2 20
2 24
2 39
2 36
2 21
2 45
2 37
2 20
2 61
2 45
2 33
2 23
2 20
2 23
2 20
2 25
2 28
2 20
2 28
2 61
2 23
2 24
2 26
2 24
2 20
2 21
2 35
2 35
2 22
2 21
2 46
2 27
2 59
2 30
2 24
2 23
2 21
2 25
2 20
2 63
2 26
2 42
2 44
2 24
2 22
2 24
2 22
2 28
2 25
2 25
2 38
2 26
2 28
2 38
2 23
2 27
2 33
2 33
2 44
2 37
2 25
2 29
2 60
2 57
2 21
2 29
2 35
2 25
2 29
2 28
2 20
2 27
2 21
2 23
2 23
2 22
2 23
2 23
2 21
2 41
2 35
2 34
2 53
2 42
2 24
2 26
2 20
2 27
2 21
2 59
2 31
2 26
2 31
2 23
2 55
2 26
2 26
2 33
2 25
2 32
2 29
2 20
2 22
2 21
2 33
2 22
2 26
2 31
2 39
2 23
2 43
2 22
2 35
2 40
2 27
2 23
2 22
2 25
2 41
2 36
2 27
2 25
2 22
2 35
2 33
2 21
2 27
2 25
2 37
2 22
2 24
2 24
2 21
2 22
2 31
2 23
2 30
2 27
2 21
2 31
2 26
2 31
2 24
2 66
2 30
2 22
2 41
2 21
2 23
2 25
2 25
2 23
2 26
2 32
2 33
2 56
2 23
2 20
2 20
2 76
2 20
2 62
2 21
2 23
2 24
2 23
2 28
2 33
2 22
2 29
2 25
2 27
2 37
2 42
2 28
2 31
2 21
2 20
2 32
2 31
2 30
2 31
2 22
2 23
2 21
2 21
2 23
2 37
2 27
2 34
2 30
2 30
2 26
2 40
2 25
2 27
2 21
2 20
2 27
2 41
2 43
2 24
2 31
2 31
2 41
2 31
2 21
2 24
2 23
2 21
2 28
2 22
2 21
2 34
2 37
2 29
2 29
2 29
2 32
2 38
2 31
2 34
2 24
2 46
2 21
2 38
2 28
2 22
2 22
2 30
2 23
2 31
2 28
2 38
2 27
2 25
2 30
2 35
2 20
2 25
2 20
2 25
2 27
2 27
2 26
2 28
2 42
2 29
2 25
2 23
2 24
2 24
2 20
2 27
2 38
2 37
2 28
2 28
2 28
2 23
2 42
2 31
2 38
2 37
2 23
2 23
2 31
2 29
2 22
2 21
2 40
2 32
2 58
2 25
2 26
2 26
2 23
2 24
2 20
2 41
2 25
2 30
2 30
2 23
2 20
2 25
2 31
2 20
2 26
2 22
2 20
2 23
2 41
2 20
2 23
2 41
2 20
2 21
2 27
2 24
2 34
2 34
2 27
2 20
2 29
2 29
2 40
2 27
2 22
2 22
2 22
2 24
2 28
2 23
2 28
2 21
2 57
2 33
2 20
2 20
2 23
2 28
2 31
2 23
2 36
2 24
2 31
2 25
2 35
2 22
2 39
2 21
2 25
2 32
2 39
2 21
2 28
2 29
2 34
2 28
2 20
2 28
2 22
2 28
2 24
2 24
2 32
2 35
2 45
2 31
2 29
2 34
2 28
2 27
2 20
2 25
2 31
2 29
2 35
2 28
2 26
2 33
2 29
2 34
2 27
2 32
2 24
2 30
2 22
2 31
2 38
2 20
2 33
2 30
2 20
2 29
2 22
2 22
2 22
2 35
2 31
2 26
2 37
2 55
2 22
2 20
2 33
2 21
2 21
2 52
2 59
2 27
2 28
2 40
2 42
2 25
2 28
2 42
2 23
2 25
2 20
2 25
2 24
2 21
2 29
2 23
2 39
2 20
2 21
2 23
2 21
2 33
2 20
2 41
2 23
2 33
2 24
2 38
2 24
2 29
2 39
2 30
2 46
2 26
2 29
2 32
2 41
2 23
2 47
2 33
2 24
2 39
2 22
2 32
2 27
2 43
2 30
2 22
2 23
2 41
2 42
2 23
2 23
2 37
2 54
2 25
2 21
2 52
2 46
2 44
2 66
2 22
2 20
2 21
2 26
2 23
2 23
2 27
2 43
2 20
2 22
2 20
2 26
2 22
2 22
2 23
2 20
2 22
2 21
2 29
2 23
2 22
2 39
2 21
2 25
2 32
2 28
2 21
2 22
2 38
2 28
2 24
2 27
2 29
2 45
2 29
2 20
2 60
2 50
2 38
2 35
2 26
2 34
2 21
2 24
2 21
2 60
2 26
2 22
2 21
2 20
2 27
2 21
2 30
2 30
2 21
2 31
2 37
2 33
2 20
2 26
2 27
2 21
2 41
2 20
2 24
2 20
2 20
2 37
2 20
2 37
2 21
2 20
2 20
2 50
2 43
2 27
2 23
2 51
2 28
2 21
2 55
2 22
2 22
2 24
2 22
2 35
2 22
2 31
2 21
2 26
2 21
2 32
2 26
2 28
2 27
2 22
2 20
2 28
2 25
2 28
2 25
2 29
2 22
2 22
2 31
2 24
2 24
2 20
2 35
2 41
2 22
2 21
2 39
2 26
2 23
2 21
2 35
2 39
2 25
2 24
2 21
2 25
2 20
2 48
2 27
2 29
2 34
2 21
2 25
2 27
2 42
2 25
2 24
2 26
2 35
2 24
2 24
2 26
2 40
2 33
2 24
2 22
2 20
2 42
2 24
2 27
2 33
2 22
2 20
2 35
2 21
2 27
2 21
2 28
2 20
2 31
2 29
2 25
2 21
2 36
2 23
2 34
2 29
2 37
2 34
2 22
2 23
2 24
2 22
2 44
2 23
2 22
2 20
2 37
2 22
2 20
2 21
2 21
2 30
2 23
2 27
2 22
2 26
2 25
2 41
2 29
2 25
2 36
2 24
2 27
2 22
2 28
2 20
2 20
2 21
2 53
2 20
2 26
2 47
2 38
2 30
2 24
2 23
2 22
2 40
2 32
2 34
2 36
2 31
2 27
2 20
2 30
2 22
2 34
2 25
2 21
2 26
2 24
2 27
2 27
2 23
2 26
2 27
2 30
2 41
2 20
2 28
2 24
2 20
2 24
2 20
2 27
2 33
2 42
2 37
2 55
2 23
2 21
2 29
2 22
2 50
2 32
2 24
2 20
2 24
2 24
2 24
2 23
2 20
2 20
2 23
2 25
2 37
2 30
2 23
2 24
2 21
2 24
2 27
2 28
2 29
2 36
2 22
2 24
2 30
2 22
2 28
2 25
2 25
2 21
2 25
2 21
2 26
2 25
2 29
2 24
2 28
2 30
2 39
2 44
2 28
2 36
2 22
2 20
2 25
2 37
2 21
2 24
2 27
2 20
2 27
2 33
2 21
2 22
2 22
2 24
2 21
2 34
2 42
2 20
2 21
2 41
2 24
2 22
2 25
2 23
2 27
2 23
2 31
2 21
2 27
2 23
2 32
2 29
2 25
2 30
2 28
2 33
2 34
2 28
2 26
2 24
2 20
2 22
2 28
2 28
2 27
2 27
2 23
2 20
2 28
2 20
2 20
2 23
2 44
2 27
2 32
2 31
1 34
1 21
1 28
1 22
1 29
1 49
1 45
1 30
1 25
1 23
1 33
1 40
1 37
1 31
1 33
1 26
1 43
1 21
1 37
1 38
1 35
1 34
1 24
1 22
1 20
1 25
1 31
1 29
1 29
1 30
1 29
1 26
1 23
1 22
1 22
1 30
1 29
1 21
1 26
1 21
1 22
1 28
1 27
1 24
1 34
1 20
1 29
1 22
1 27
1 28
1 29
1 27
1 24
1 25
1 29
1 26
1 20
1 25
1 25
1 44
1 20
1 20
1 22
1 24
1 21
1 22
1 21
1 22
1 21
1 22
1 23
1 20
1 22
1 22
1 20
1 20
1 20
1 20
1 22
1 20
1 20
1 26
1 29
1 27
1 20
1 21
1 20
1 20
1 46
1 25
1 23
1 25
1 24
1 42
1 25
1 22
1 25
1 26
1 22
1 22
1 21
1 20
1 23
1 24
1 36
1 26
1 33
1 35
1 34
1 32
1 22
1 22
1 23
1 22
1 21
1 23
1 25
1 22
1 21
1 20
1 22
1 21
1 22
1 22
1 22
1 24
1 31
1 33
1 23
1 26
1 29
1 20
1 20
1 20
1 21
1 20
1 20
1 33
1 20
1 22
1 22
1 26
1 27
1 23
1 21
1 26
1 26
1 23
1 24
1 22
1 24
1 23
1 34
1 26
1 22
1 22
1 21
1 22
1 22
1 45
1 35
1 20
1 20
1 20
1 42
1 20
1 21
1 32
1 29
1 22
1 20
1 38
1 46
1 29
1 30
1 40
1 26
1 31
1 39
1 20
1 26
1 36
1 36
1 20
1 22
1 33
1 32
1 24
1 32
1 28
1 33
1 29
1 23
1 34
1 22
1 22
1 42
1 20
1 24
1 31
1 30
1 31
1 31
1 25
1 21
1 28
1 27
1 25
1 28
1 25
1 26
1 20
1 24
1 24
1 20
1 26
1 24
1 25
1 24
1 25
1 24
1 22
1 20
1 32
1 30
1 22
1 25
1 24
1 22
1 25
1 25
1 22
1 28
1 22
1 20
1 23
1 23
1 23
1 21
1 23
1 41
1 23
1 22
1 22
1 20
1 21
1 31
1 21
1 43
1 20
1 21
1 20
1 20
1 42
1 20
1 24
1 31
1 24
1 21
1 22
1 30
1 33
1 43
1 41
1 26
1 28
1 37
1 21
1 22
1 38
1 35
1 34
1 36