0 1 22 23 25 27 30 37 86 110 545
0 1 13 14 16 17 37 110 158 301 545
0 1 22 23 25 37 47 110 301
0 1 13 14 16 37 47 301
0 1 22 23 30 37 301 545
0 1 27 30 37 47 110 301
0 22 23 25 27 30 110 301
1 22 23 25 27 30 37 47
0 1 22 23 30 47 86 110
1 22 25 30 37 86 110 301
3 12 28 55 62 168 172 339
0 22 23 27 37 47 86 301
0 1 25 27 37 86 301 545
0 1 22 23 27 37 110 123
0 1 23 25 30 37 86 123
0 1 13 17 37 47 110 158
0 1 22 27 30 37 86 180
1 23 25 27 30 86 110 180
0 22 23 25 37 86 110 180
0 13 14 16 17 47 110
1 14 16 17 37 47 110
0 23 30 37 86 110 301
0 25 30 37 47 86 110
22 27 30 37 47 86 110
0 1 23 27 30 86 301
0 1 25 27 30 47 86
23 25 27 30 37 86 301
0 1 14 16 32 37 110
2 3 6 8 10 37 44
0 1 13 14 37 84 110
0 1 22 27 86 110 301
1 23 27 37 86 110 301
1 22 23 27 86 301 545
1 25 27 37 47 86 110
0 25 27 47 86 110 301
1 22 25 27 47 86 301
22 23 25 27 47 86 110
0 1 22 25 30 110 123
22 23 25 30 37 110 123
0 25 27 30 37 110 123
0 22 30 37 86 110 123
0 1 27 30 86 110 123
23 27 30 37 86 110 123
0 22 23 27 30 86 123
1 22 25 27 30 86 123
1 22 23 25 86 110 123
0 22 25 27 37 86 123
0 23 25 27 86 110 123
1 13 14 16 47 110 158
0 14 16 37 47 110 158
13 14 16 17 37 47 158
0 1 14 16 17 47 158
0 1 25 27 37 110 180
0 1 22 23 25 27 180
0 1 23 30 37 110 180
22 23 27 30 37 110 180
0 23 25 27 30 37 180
2 6 8 10 37 972 2326
2 6 8 10 37 372 1456
0 1 14 47 110 301
0 1 13 17 47 301
0 14 17 37 47 301
0 22 37 110 301 545
0 1 23 110 301 545
0 1 14 22 23 37
0 1 24 37 301 545
1 25 37 110 301 545
0 1 22 25 301 545
0 14 22 25 37 110
0 23 25 37 301 545
0 1 13 23 25 37
0 1 16 23 25 110
1 14 23 25 37 110
0 1 22 30 37 47
0 22 30 47 110 301
1 23 30 37 47 301
1 22 23 30 110 301
0 1 25 30 37 301
1 25 30 47 110 301
22 25 30 37 301 545
0 22 23 25 30 47
0 27 30 37 301 545
1 22 27 30 37 301
0 23 27 30 47 110
1 30 37 86 301 545
0 22 30 86 301 545
0 1 32 37 47 301
3 12 50 168 172 339
0 1 17 37 84 158
0 1 23 37 47 86
0 22 23 25 86 301
0 1 16 27 37 86
0 1 22 37 123 301
1 23 25 27 37 123
1 37 47 110 158 301
0 17 47 110 158 301
1 14 22 27 37 110
22 25 27 37 110 301
0 1 13 16 37 180
1 22 25 30 37 180
1 22 30 86 110 180
0 22 25 30 86 180
1 22 23 37 86 180
0 1 13 37 301 815
3 12 62 168 339 1103
13 14 37 47 110
0 1 16 47 110
16 37 47 110 301
13 17 37 47 301
1 13 14 17 47
0 16 17 37 47
1 17 47 110 301
2 6 8 20 37
2 6 8 10 21
0 1 13 22 37
0 1 14 22 110
0 16 22 37 110
1 22 110 301 545
23 37 110 301 545
0 1 16 23 37
0 14 23 37 110
0 1 24 37 47
0 25 110 301 545
1 16 25 37 110
0 1 14 25 37
1 23 25 301 545
16 22 23 25 110
0 14 22 23 25
3 12 26 62 172
1 14 30 37 110
1 22 30 47 301
0 23 30 37 47
23 30 47 110 301
14 22 23 30 110
0 25 30 47 301
22 25 30 47 110
1 27 30 301 545
0 22 27 30 47
1 30 37 47 86
22 23 30 86 301
23 25 30 47 86
27 30 86 110 301
0 1 13 32 110
0 13 14 32 37
0 1 14 32 301
1 14 32 37 47
1 13 16 32 37
0 16 32 37 301
13 14 16 32 110
0 1 17 32 37
1 22 32 37 110
0 25 32 37 110
1 32 37 301 545
6 8 10 34 37
2 6 10 35 37
4 31 40 66 544
2 8 10 37 43
2 6 8 44 426
8 10 37 44 426
6 8 37 44 1456
2 8 10 44 1456
2 6 37 44 972
6 8 10 44 972
0 1 37 46 545
0 1 46 47 301
12 50 62 168 339
3 50 62 168 172
0 1 54 301 545
0 37 47 54 301
0 1 37 54 180
0 1 37 57 301
0 1 37 61 110
4 33 66 75 544
0 1 13 84 301
0 14 37 84 301
0 13 16 37 84
1 13 16 84 110
0 1 14 16 84
14 16 37 84 110
1 13 17 37 84
0 13 17 84 110
13 37 84 110 158
0 1 84 110 158
13 14 17 84 158
16 17 84 110 158
1 37 47 84 301
0 23 86 301 545
1 23 47 86 301
23 37 47 86 110
25 37 47 86 301
22 25 86 301 545
0 22 25 47 86
14 22 25 86 110
23 25 86 110 301
22 47 86 110 301
0 14 22 37 86
0 1 14 27 86
16 22 27 86 110
14 23 27 86 110
4 111 172 267 544
0 1 23 123 301
0 25 37 123 301
1 22 25 37 123
1 27 37 123 301
0 1 25 27 123
22 25 27 110 123
0 23 30 110 123
1 22 23 30 123
22 27 30 37 123
23 25 27 30 123
25 30 86 110 123
1 37 86 110 123
0 1 22 86 123
22 23 37 86 123
1 23 27 86 123
0 13 16 47 158
1 16 37 47 158
14 17 47 110 158
0 13 27 37 110
0 22 27 301 545
1 22 27 47 110
0 1 23 27 47
1 14 23 27 37
1 25 27 110 301
0 25 27 37 47
1 13 37 110 180
0 1 13 14 180
0 14 16 37 180
0 1 17 110 180
1 22 23 110 180
1 23 25 37 180
0 22 27 110 180
22 25 27 37 180
0 37 110 158 180
0 22 23 30 180
0 1 25 30 180
25 30 37 110 180
0 30 86 110 180
23 30 37 86 180
0 1 23 86 180
1 22 25 86 180
27 37 86 110 180
22 23 27 86 180
0 25 27 86 180
0 37 201 301 545
2 8 37 44 210
2 6 10 44 210
1 4 267 301 544
2 3 6 8 2326
3 8 10 37 2326
6 8 37 1998 2326
2 8 10 1998 2326
4 53 60 66 544
3 6 8 37 372
2 3 8 10 372
2 3 6 37 426
3 6 8 10 426
2 8 37 426 1456
2 6 10 426 1456
6 8 37 426 972
2 8 10 426 972
2 3 8 37 497
2 3 6 10 497
2 6 8 497 1456
8 10 37 497 1456
2 3 10 37 529
0 1 37 158 2157
0 1 37 84 815
2 6 37 821 1456
6 8 10 821 1456
2 6 8 821 972
8 10 37 821 972
3 6 10 37 968
2 8 37 968 972
2 6 10 968 972
2 10 37 972 1456
3 12 168 172 1103
62 168 172 339 1103
6 10 37 1232 1456
0 1 3 37
3 4 66 544
2 10 20 37
6 8 10 20
3 6 8 21
2 3 10 21
2 6 21 37
8 10 21 37
0 1 16 22
14 16 22 110
16 23 37 110
0 24 47 301
0 16 25 37
1 14 22 25
14 16 23 25
0 1 14 30
14 25 30 110
14 22 27 30
13 32 37 110
1 13 14 32
14 32 37 301
0 14 32 47
0 13 16 32
1 16 32 301
16 32 37 47
14 17 32 110
0 22 32 37
0 1 23 32
22 23 32 110
1 24 32 37
1 25 32 110
0 27 32 110
22 25 27 32
0 32 301 545
23 30 32 86
2 6 8 34
6 8 35 37
2 8 10 35
4 36 267 544
4 9 38 544
4 11 41 544
4 42 172 544
2 6 10 43
2 37 44 426
6 10 44 426
2 6 44 1456
10 37 44 1456
2 8 44 972
4 7 45 544
5 18 45 954
0 14 37 46
0 1 17 46
14 16 46 158
1 46 301 545
1 37 46 47
2 8 37 47
6 10 37 47
12 50 62 172
3 50 62 339
31 53 66 544
4 40 53 66
0 1 13 54
0 23 37 54
1 25 37 54
37 54 301 545
1 47 54 301
0 1 47 57
0 17 37 57
1 37 57 110
5 33 58 66
1 59 81 114
0 13 37 61
0 1 61 301
1 3 12 62
4 19 67 544
1 69 114 267
0 37 71 301
1 37 74 301
1 4 78 544
13 37 84 301
1 14 84 301
1 16 37 84
13 14 16 84
0 16 84 110
1 17 84 110
0 14 17 84
0 1 24 84
0 13 84 158
14 84 110 158
0 37 84 545
1 14 37 86
0 14 86 110
14 22 23 86
14 25 27 86
3 21 100 1232
23 37 123 301
1 25 123 301
0 27 123 301
0 1 123 545
0 37 47 123
1 13 27 37
1 16 27 110
0 14 23 27
0 13 110 180
13 14 37 180
1 14 110 180
1 17 37 180
14 16 17 180
0 24 37 180
0 1 158 180
16 110 158 180
37 47 180 301
1 37 201 545
0 1 110 201
6 8 44 210
2 3 37 2326
3 6 10 2326
2 6 1998 2326
10 37 1998 2326
2 3 6 372
3 10 37 372
2 3 8 426
6 8 426 1456
2 6 426 972
10 37 426 972
5 31 66 77
1 267 479 544
3 6 37 497
3 8 10 497
2 37 497 1456
6 10 497 1456
5 7 48 427
7 45 427 1263
18 48 427 1263
3 8 37 529
1 13 110 815
0 37 110 815
2 8 821 1456
2 37 821 972
6 10 821 972
2 3 968 972
6 8 968 972
6 37 972 1456
8 10 972 1456
3 62 172 1103
12 172 339 1103
5 7 15 370
8 37 1232 1456
2 10 1232 1456
7 48 173 1263
5 45 48 1263
1 22 37 1349
0 1 25 1349
5 18 48 1692
0 37 158 1908
2 4 544
1 3 544
1 3 301
3 5 66
8 37 301
1 12 301
3 20 172
20 31 66
3 20 62
20 66 544
4 20 66
5 20 66
3 21 37
4 21 544
2 21 28
3 21 28
3 21 954
21 954 1232
2 21 972
3 21 972
2 21 1232
13 22 110
4 24 544
7 15 26
3 26 28
12 26 168
26 168 172
3 26 1232
2 3 28
16 30 110
16 22 30
14 30 86
3 31 66
3 5 31
31 66 81
16 17 32
23 32 37
14 23 32
0 24 32
14 25 32
23 25 32
1 27 32
27 32 37
14 27 32
23 27 32
0 32 158
1 32 158
32 37 158
32 110 158
17 32 158
14 32 158
14 32 545
0 32 180
1 32 180
32 37 180
14 32 180
0 30 32
1 30 32
30 32 37
30 32 110
14 30 32
22 30 32
25 30 32
27 30 32
0 32 84
1 32 84
32 37 84
14 32 84
0 32 86
1 32 86
32 37 86
32 86 110
14 32 86
22 32 86
25 32 86
27 32 86
2 34 37
3 8 34
4 34 544
2 10 34
34 66 544
4 34 66
5 34 66
3 8 35
3 35 66
4 35 544
2 35 426
35 66 544
4 35 66
5 35 66
1 36 267
36 172 267
36 172 544
5 36 172
4 36 172
36 114 267
36 81 114
5 9 38
9 38 370
7 15 39
7 18 39
15 18 39
0 1 40
0 37 40
1 37 40
5 40 66
5 19 41
5 11 41
33 42 172
5 42 172
2 3 43
3 8 43
3 43 66
6 8 43
6 37 43
43 66 544
4 43 66
8 35 44
5 7 45
18 45 544
4 18 45
7 18 45
7 45 954
0 13 46
1 13 46
1 14 46
14 46 110
16 46 301
16 46 110
17 37 46
17 46 110
16 17 46
14 17 46
0 46 158
1 46 158
46 110 158
37 46 301
0 46 180
1 46 180
37 46 180
0 46 110
1 46 110
37 46 110
2 10 47
8 10 47
2 6 47
6 8 47
4 48 544
5 48 173
18 48 173
7 18 48
15 18 48
5 15 48
7 15 48
7 45 48
18 45 48
45 48 954
18 48 954
4 49 544
4 51 544
51 52 172
5 51 66
4 52 544
52 172 267
52 172 544
4 52 172
5 52 172
52 172 1243
4 31 53
40 53 544
5 40 53
31 40 53
5 53 66
13 37 54
1 23 54
23 54 110
0 25 54
25 54 110
23 25 54
54 84 301
0 54 110
1 54 110
37 54 110
56 66 544
4 56 66
5 56 66
4 57 544
37 47 57
0 14 57
1 14 57
0 16 57
1 16 57
14 16 57
1 17 57
17 57 110
0 57 110
4 58 544
58 66 544
4 58 66
1 59 267
36 59 114
59 81 267
59 114 267
1 13 61
37 61 301
0 47 61
1 47 61
37 47 61
12 62 301
1 62 301
0 1 63
0 37 63
1 37 63
4 63 544
4 65 544
65 172 544
4 65 172
5 19 67
19 29 67
36 69 81
36 69 114
69 114 1193
1 59 69
59 69 267
59 69 81
59 69 114
1 69 81
69 81 267
69 81 114
4 70 544
0 1 71
1 37 71
1 71 301
4 72 544
7 18 72
7 72 173
7 48 72
7 15 72
0 1 74
0 37 74
0 74 301
5 33 75
33 58 75
58 66 75
5 66 75
4 76 544
19 29 76
4 78 267
4 79 544
79 172 544
4 79 172
4 80 544
11 80 544
4 11 80
11 80 1194
2 37 81
3 66 81
4 81 544
6 8 81
2 6 81
6 37 81
2 8 81
8 37 81
2 10 81
10 37 81
6 10 81
8 10 81
1 81 267
81 172 267
66 81 544
4 66 81
5 66 81
0 1 82
0 37 82
1 37 82
1 82 301
0 1 83
0 37 83
1 37 83
4 83 544
16 47 84
0 22 84
1 22 84
22 37 84
0 23 84
1 23 84
23 37 84
22 23 84
24 37 84
0 25 84
1 25 84
25 37 84
22 25 84
23 25 84
1 84 545
84 301 545
0 47 84
0 84 180
1 84 180
37 84 180
4 87 544
66 87 544
4 66 87
5 66 87
4 88 544
4 89 544
2 37 90
2 3 90
6 8 90
2 6 90
6 37 90
2 8 90
8 37 90
8 10 90
2 10 90
6 10 90
10 37 90
4 91 544
66 91 544
4 66 91
5 66 91
0 1 95
0 37 95
1 37 95
0 95 301
1 95 301
37 95 301
2 37 100
2 3 100
3 8 100
6 8 100
2 6 100
6 37 100
2 8 100
8 37 100
8 10 100
2 10 100
6 10 100
10 37 100
2 21 100
3 28 100
100 1193 1232
28 100 1193
2 100 972
28 100 1998
2 100 1232
0 1 103
0 37 103
1 37 103
0 103 301
1 103 301
37 103 301
2 37 104
2 3 104
6 8 104
2 6 104
6 37 104
2 8 104
8 37 104
8 10 104
2 10 104
6 10 104
10 37 104
8 104 426
4 106 544
11 106 544
4 11 106
11 80 106
4 107 544
66 107 544
4 66 107
4 108 544
34 66 108
5 66 108
4 112 544
4 113 544
66 113 544
4 66 113
5 66 113
81 114 172
81 114 267
4 117 544
9 117 544
4 9 117
2 37 120
6 8 120
2 6 120
6 37 120
2 8 120
8 37 120
8 10 120
2 10 120
10 37 120
6 10 120
2 37 121
6 8 121
2 6 121
6 37 121
2 8 121
8 37 121
2 10 121
10 37 121
6 10 121
8 10 121
2 37 122
6 8 122
2 6 122
6 37 122
2 8 122
8 37 122
8 10 122
2 10 122
6 10 122
10 37 122
0 14 123
1 14 123
14 37 123
37 123 545
1 47 123
47 123 301
30 123 301
86 123 301
110 123 301
0 1 125
0 37 125
1 37 125
37 125 301
59 126 267
59 114 126
81 126 267
114 126 267
81 114 126
1 126 267
5 66 127
2 3 132
21 132 954
3 28 132
100 132 691
21 132 691
132 691 954
3 132 1232
21 100 132
100 132 954
0 1 136
0 37 136
1 37 136
1 136 301
21 137 1193
0 1 139
0 37 139
1 37 139
1 16 139
0 139 301
1 139 301
37 139 301
2 37 142
6 8 142
2 6 142
6 37 142
2 8 142
8 37 142
8 10 142
2 10 142
10 37 142
6 10 142
5 66 143
5 9 144
4 145 544
2 37 146
6 8 146
2 6 146
6 37 146
2 8 146
8 37 146
8 10 146
2 10 146
10 37 146
6 10 146
4 152 544
2 3 161
132 161 691
21 161 954
3 28 161
161 954 2372
3 161 1232
21 100 161
100 161 954
14 16 27
0 1 166
0 37 166
1 37 166
0 1 170
0 37 170
1 37 170
2 37 171
6 8 171
2 6 171
6 37 171
2 8 171
8 37 171
8 10 171
2 10 171
10 37 171
6 10 171
4 173 544
5 7 173
5 15 173
5 18 173
7 18 173
2 37 175
6 8 175
2 6 175
6 37 175
2 8 175
8 37 175
8 10 175
2 10 175
10 37 175
6 10 175
12 172 176
12 62 176
62 168 176
62 176 339
13 17 180
1 24 180
13 158 180
17 158 180
14 158 180
0 180 545
1 180 545
37 180 545
0 180 301
1 180 301
0 47 180
1 47 180
4 544 2156
5 66 187
0 1 192
0 37 192
1 37 192
0 192 301
1 192 301
37 192 301
4 193 544
34 66 193
5 18 197
48 197 1692
197 427 1692
5 48 197
15 48 197
18 48 197
197 1692 2654
14 110 201
0 17 201
1 17 201
17 37 201
17 110 201
1 201 301
0 47 201
1 47 201
37 47 201
47 201 301
37 110 201
0 1 205
0 37 205
1 37 205
2 37 208
6 8 208
2 6 208
6 37 208
2 8 208
8 37 208
8 10 208
2 10 208
6 10 208
6 37 210
8 10 210
10 37 210
2 37 211
4 211 544
6 8 211
2 6 211
6 37 211
2 8 211
8 37 211
2 10 211
10 37 211
6 10 211
8 10 211
0 1 218
0 37 218
1 37 218
219 427 1263
48 219 427
5 48 219
15 48 219
7 15 219
48 219 1263
2 6 224
6 8 224
2 8 224
2 10 224
6 10 224
8 10 224
66 224 544
4 66 224
8 224 426
0 1 227
0 37 227
1 37 227
0 1 239
0 37 239
1 37 239
0 1 244
0 37 244
1 37 244
0 1 246
0 37 246
1 37 246
15 39 250
15 250 1122
254 479 498
0 1 256
0 37 256
1 37 256
0 256 301
1 256 301
37 256 301
0 1 2310
0 37 2310
1 37 2310
0 1 267
0 37 267
1 37 267
3 267 544
1 3 267
1 5 267
5 172 267
0 267 301
37 267 301
0 1 270
0 37 270
1 37 270
5 273 498
3 9 544
3 4 9
8 968 2326
0 1 286
0 37 286
1 37 286
0 1 293
0 37 293
1 37 293
0 1 295
0 37 295
1 37 295
0 1 296
0 37 296
1 37 296
1 5 301
4 302 544
4 309 544
66 309 544
4 66 309
0 1 313
0 37 313
1 37 313
2 37 321
6 8 321
2 6 321
2 8 321
8 10 321
2 10 321
6 10 321
4 322 544
34 66 322
5 66 322
2 37 333
6 8 333
2 6 333
6 37 333
2 8 333
8 37 333
8 10 333
2 10 333
10 37 333
6 10 333
4 340 544
172 340 544
4 172 340
0 1 350
0 37 350
1 37 350
5 66 353
5 60 66
0 1 364
0 37 364
1 37 364
0 1 2109
0 37 2109
1 37 2109
0 301 2109
1 301 2109
37 301 2109
5 66 369
7 370 544
4 7 370
5 66 370
8 372 426
8 372 972
2 37 382
6 8 382
2 6 382
6 37 382
2 8 382
8 37 382
8 10 382
2 10 382
10 37 382
6 10 382
5 66 388
66 108 388
4 389 544
5 9 389
7 370 389
2 3 393
137 393 954
3 393 1232
2 6 420
4 426 544
3 426 972
8 81 426
0 1 443
0 37 443
1 37 443
0 1 444
0 37 444
1 37 444
0 1 446
0 37 446
1 37 446
0 1 447
0 37 447
1 37 447
0 1 449
0 37 449
1 37 449
37 301 449
5 66 451
4 452 544
4 77 544
66 77 544
4 66 77
0 1 469
0 37 469
1 37 469
0 1 2524
0 37 2524
1 37 2524
0 1 479
0 37 479
1 37 479
4 479 544
1 4 479
1 5 479
4 267 479
5 267 479
1 301 479
0 1 485
0 37 485
1 37 485
0 1 493
0 37 493
1 37 493
1 301 493
37 301 493
0 1 496
0 37 496
1 37 496
2 426 497
2 497 972
4 498 544
5 172 498
5 479 498
4 504 544
4 267 504
0 1 2556
0 37 2556
1 37 2556
4 544 2556
1 4 2556
0 14 2556
1 544 2556
1 301 2556
2 37 2557
2 8 2557
8 37 2557
8 10 2557
2 10 2557
10 37 2557
6 10 2557
6 8 2557
2 6 2557
6 37 2557
5 45 427
18 45 427
5 18 427
15 18 427
7 427 1692
48 427 1692
427 1263 1692
5 173 427
48 173 427
45 48 427
15 48 427
5 15 427
7 15 427
5 427 1263
15 427 1263
3 6 529
6 8 529
2 6 529
6 37 529
2 8 529
8 10 529
6 10 529
2 37 545
4 544 545
2 8 545
8 37 545
8 10 545
2 10 545
10 37 545
6 10 545
1 47 545
37 47 545
0 47 545
47 301 545
2 6 545
6 37 545
6 8 545
2 37 2594
6 8 2594
2 6 2594
6 37 2594
2 8 2594
8 37 2594
8 10 2594
2 10 2594
10 37 2594
6 10 2594
0 1 559
0 37 559
1 37 559
4 544 560
172 544 560
4 172 560
4 544 581
4 544 584
4 544 585
172 267 585
172 544 585
4 172 585
5 172 585
52 172 585
0 1 2527
0 37 2527
1 37 2527
0 1 602
0 37 602
1 37 602
0 24 602
1 24 602
24 37 602
0 301 602
1 301 602
37 301 602
0 1 2657
0 37 2657
1 37 2657
4 544 2657
1 301 2657
31 66 628
66 544 628
4 66 628
5 66 628
4 544 663
2 37 666
6 8 666
2 6 666
6 37 666
2 8 666
8 37 666
8 10 666
2 10 666
10 37 666
6 10 666
3 66 667
66 544 667
4 66 667
5 66 667
2 37 2068
2 8 2068
8 37 2068
8 10 2068
2 10 2068
10 37 2068
6 10 2068
6 8 2068
2 6 2068
6 37 2068
0 1 2731
0 1 686
0 37 686
1 37 686
0 301 686
1 301 686
37 301 686
5 66 690
2 3 691
21 691 954
3 28 691
3 691 1232
21 100 691
100 691 954
4 544 695
0 1 2746
0 37 2746
1 37 2746
0 1 2758
0 37 2758
1 37 2758
5 66 2760
66 1955 2760
7 48 743
18 48 743
7 743 1263
48 743 1263
2 37 820
6 8 820
2 6 820
6 37 820
2 8 820
8 37 820
8 10 820
2 10 820
10 37 820
6 10 820
0 1 814
0 37 814
1 37 814
0 301 814
1 301 814
37 301 814
1 14 815
14 37 815
0 14 815
13 14 815
14 110 815
1 16 815
16 37 815
0 16 815
13 16 815
14 16 815
16 110 815
1 17 815
17 110 815
1 47 815
37 47 815
0 47 815
47 301 815
1 32 815
32 37 815
0 32 815
14 32 815
1 545 815
37 545 815
0 545 815
0 180 815
1 180 815
37 180 815
1 544 815
0 1 821
0 37 821
1 37 821
2 3 821
3 37 821
3 6 821
3 8 821
3 10 821
4 544 821
37 545 821
1 301 821
37 301 821
0 301 821
1 47 821
37 47 821
0 47 821
47 301 821
2 10 821
0 1 823
0 37 823
1 37 823
0 301 823
1 301 823
37 301 823
7 427 824
427 824 1263
48 427 824
7 48 824
15 48 824
18 48 824
48 824 1263
0 1 831
4 544 831
1 4 831
1 267 831
172 267 831
1 544 831
1 301 831
114 267 831
81 114 831
4 544 878
0 1 902
0 37 902
1 37 902
0 301 902
1 301 902
37 301 902
4 544 952
0 1 954
0 37 954
1 37 954
4 544 954
7 18 954
3 28 954
3 954 1232
2 3 956
132 691 956
21 954 956
3 28 956
132 161 956
161 691 956
954 956 2372
3 956 1232
21 100 956
100 954 956
5 66 965
0 1 968
0 37 968
1 37 968
3 8 968
8 10 968
2 968 1456
6 968 1456
8 968 1998
2 426 968
6 426 968
5 66 971
9 38 971
38 370 971
9 370 971
3 37 972
3 6 972
3 8 972
3 10 972
3 972 1456
0 1 973
0 37 973
1 37 973
0 301 973
1 301 973
37 301 973
301 815 973
0 1 978
0 37 978
1 37 978
0 1 990
0 37 990
1 37 990
31 33 66
5 33 172
2 37 1008
6 8 1008
2 6 1008
6 37 1008
2 8 1008
8 37 1008
8 10 1008
2 10 1008
10 37 1008
6 10 1008
2 972 1008
6 972 1008
7 12 62
2 37 1088
6 8 1088
2 6 1088
6 37 1088
2 8 1088
8 37 1088
8 10 1088
2 10 1088
10 37 1088
6 10 1088
12 172 1093
62 66 1093
12 62 1093
62 172 1093
12 168 1093
12 339 1093
0 1 1094
0 37 1094
1 37 1094
0 1 1095
0 37 1095
1 37 1095
0 1 1102
0 37 1102
1 37 1102
4 544 1102
1 301 1102
37 301 1102
0 301 1102
1 545 1102
0 1 1103
0 37 1103
1 37 1103
5 66 184
0 1 1120
0 37 1120
1 37 1120
0 1 1121
0 37 1121
1 37 1121
0 13 1121
1 13 1121
13 37 1121
0 301 1121
1 301 1121
37 301 1121
4 544 1122
15 18 1122
18 954 1122
7 15 1122
1 267 1124
59 1124 1193
59 267 1124
59 81 1124
59 114 1124
69 267 1124
69 81 1124
69 114 1124
59 69 1124
1 81 1124
81 267 1124
1 114 1124
114 267 1124
81 114 1124
0 1 1129
0 37 1129
1 37 1129
4 544 1129
4 15 544
7 15 544
4 7 15
0 1 1191
0 37 1191
1 37 1191
0 1 1192
0 37 1192
1 37 1192
2 3 1193
59 267 1193
59 114 1193
2 972 1193
81 267 1193
114 267 1193
4 544 1194
11 41 1194
11 544 1194
4 11 1194
427 1195 1263
48 427 1195
7 48 1195
7 15 1195
48 1195 1263
0 1 1226
0 37 1226
1 37 1226
2 37 1226
4 544 1226
2 6 1226
6 37 1226
6 8 1226
2 8 1226
8 37 1226
2 10 1226
10 37 1226
6 10 1226
8 10 1226
66 544 1226
4 66 1226
5 66 1226
2 37 1232
2 3 1232
3 6 1232
3 8 1232
3 10 1232
3 37 1232
2 6 1232
6 8 1232
2 8 1232
8 10 1232
2 426 1232
2 972 1232
0 1 1243
0 37 1243
1 37 1243
4 544 1243
1 301 1243
37 301 1243
0 301 1243
0 1 1244
0 37 1244
1 37 1244
0 1 1251
0 37 1251
1 37 1251
0 1 1262
0 37 1262
1 37 1262
1 180 1262
4 544 1263
5 7 1263
5 18 1263
7 18 1263
15 18 1263
18 45 1263
45 954 1263
15 48 1263
18 954 1263
7 15 1263
0 1 555
0 37 555
1 37 555
0 1 556
0 37 556
1 37 556
4 217 544
31 66 217
66 217 544
4 66 217
5 66 217
0 37 1349
0 22 1349
22 110 1349
0 23 1349
1 23 1349
23 37 1349
23 110 1349
22 23 1349
25 37 1349
25 110 1349
22 25 1349
23 25 1349
0 301 1349
1 301 1349
37 301 1349
0 47 1349
1 47 1349
37 47 1349
0 110 1349
1 110 1349
37 110 1349
4 18 544
5 7 18
5 15 18
7 15 18
15 18 370
5 18 370
7 18 370
0 1 1374
0 37 1374
1 37 1374
0 13 1374
1 13 1374
13 37 1374
0 301 1374
1 301 1374
37 301 1374
0 110 1374
1 110 1374
37 110 1374
0 1 1380
0 37 1380
1 37 1380
0 24 1380
1 24 1380
24 37 1380
1 37 1390
0 1 1400
0 37 1400
1 37 1400
4 29 544
19 29 544
4 19 29
5 19 29
19 29 41
0 1 1454
0 37 1454
1 37 1454
0 301 1454
1 301 1454
37 301 1454
0 1 1455
0 37 1455
1 37 1455
4 544 1455
1 301 1455
2 3 1456
3 37 1456
3 6 1456
3 8 1456
3 10 1456
6 8 1472
2 6 1472
2 8 1472
0 1 1473
0 37 1473
1 37 1473
0 1 2368
0 37 2368
1 37 2368
0 1 869
0 37 869
1 37 869
0 1 2649
0 37 2649
1 37 2649
0 1 1566
0 37 1566
1 37 1566
0 1 1592
0 37 1592
1 37 1592
0 1 1594
0 37 1594
1 37 1594
1 1591 1594
0 1 1595
0 37 1595
1 37 1595
5 66 1630
0 1 1631
0 37 1631
1 37 1631
0 1 1648
0 37 1648
1 37 1648
0 1 1649
0 37 1649
1 37 1649
2 37 1649
6 8 1649
2 6 1649
6 37 1649
2 8 1649
8 37 1649
8 10 1649
2 10 1649
10 37 1649
6 10 1649
0 301 1649
1 301 1649
37 301 1649
0 1 1657
0 37 1657
1 37 1657
4 544 1665
1 267 1665
0 1 1677
0 37 1677
1 37 1677
2 37 1677
6 8 1677
2 6 1677
6 37 1677
2 8 1677
8 37 1677
2 10 1677
10 37 1677
6 10 1677
8 10 1677
0 301 1677
1 301 1677
37 301 1677
15 18 1692
7 1263 1692
48 1263 1692
7 48 1692
15 48 1692
7 15 1692
3 1232 2372
0 1 1908
1 37 1908
1 158 1908
158 1908 2157
1 37 1920
0 1 1920
0 37 1920
0 301 1920
1 301 1920
37 301 1920
47 301 1920
3 64 66
4 64 544
64 66 544
4 64 66
5 64 66
64 66 81
0 1 2373
0 37 2373
1 37 2373
5 66 1955
0 1 327
0 37 327
1 37 327
0 1 1966
0 37 1966
1 37 1966
0 1 1967
0 37 1967
1 37 1967
0 1 1996
4 544 1996
5 66 1997
2 37 1998
2 3 1998
3 6 1998
3 8 1998
4 544 1998
6 10 1998
8 426 1998
2 1456 1998
37 1456 1998
6 1456 1998
8 1456 1998
10 1456 1998
2 972 1998
6 972 1998
8 972 1998
34 66 2026
5 66 2026
0 1 2027
0 37 2027
1 37 2027
0 1 2029
0 37 2029
1 37 2029
4 544 709
2 301
2 5
5 544
6 301
37 2055
10 301
10 66
3 11
11 66
12 544
66 2067
9 20
12 20
20 81
20 370
21 1998
5 24
14 24
16 24
24 66
2 26
4 26
5 26
26 544
9 26
172 2075
28 544
497 2077
9 31
1 34
31 34
1 35
31 35
35 81
3 38
7 38
3 39
5 39
26 39
39 370
3 40
41 66
1 42
2 42
3 42
42 267
37 42
42 66
42 1226
5 43
44 66
44 81
45 370
46 84
47 172
5 49
9 49
7 50
45 50
18 50
7 51
33 51
53 81
22 54
54 123
3 56
3 57
57 267
13 57
3 58
58 81
59 172
59 831
59 66
7 2108
18 2108
17 61
54 61
3 63
63 66
63 172
1 65
5 65
65 267
65 498
2 343
41 67
68 172
69 172
69 831
5 70
7 70
19 70
5 72
9 72
11 73
3 75
67 76
76 102
12 655
62 655
5 79
52 79
41 80
9 81
83 301
31 87
81 87
66 88
5 89
48 89
66 89
89 173
40 91
9 92
93 172
7 94
18 94
94 250
4 96
96 544
96 301
5 97
7 97
15 97
1 98
37 98
98 172
98 301
5 99
66 99
3 101
50 101
101 172
19 102
29 102
67 102
104 1232
105 544
37 105
57 105
66 105
41 106
106 1194
88 107
108 1226
5 112
66 112
12 114
37 115
116 172
2 118
5 118
19 119
29 119
66 121
16 123
24 123
32 123
84 123
124 172
69 126
127 1998
128 172
11 129
1 130
114 130
130 267
1 131
81 131
131 267
66 133
33 135
58 135
135 189
66 135
14 136
2 137
3 137
6 137
8 137
10 137
137 972
138 544
66 138
140 267
1 141
12 141
62 141
141 301
31 143
144 389
11 145
44 146
66 146
147 172
1 148
11 149
150 172
5 151
7 151
72 151
151 173
1 152
152 267
5 153
66 153
154 172
7 159
15 159
18 159
159 370
5 160
66 160
66 162
5 164
164 267
47 166
66 2076
172 301
9 173
38 173
66 173
172 174
44 175
52 177
172 177
9 178
172 179
179 267
7 182
183 544
81 183
172 185
172 186
34 187
5 188
33 189
58 189
66 189
75 189
5 191
1 194
66 195
7 197
197 1263
4 198
198 544
66 198
1 199
5 200
66 200
7 202
15 203
7 204
205 1595
207 544
66 208
66 209
210 426
1 211
3 211
5 211
7 212
18 212
48 212
7 213
173 213
7 214
15 214
18 214
214 1122
9 215
1 2084
18 219
219 824
66 220
5 221
4 222
222 544
172 223
3 224
5 224
37 224
10 225
1 229
114 229
81 230
11 232
66 233
5 234
2 235
6 235
66 237
66 238
66 239
172 239
7 240
72 240
66 241
9 243
2 245
6 245
37 245
7 250
45 250
18 250
250 954
251 301
5 252
7 252
18 252
173 252
252 427
5 254
254 267
254 273
172 254
66 255
255 628
172 257
66 260
37 265
9 2314
12 267
14 267
265 271
5 2327
48 2327
427 2327
4 273
273 544
172 273
7 275
9 66
9 62
66 2331
37 2332
1267 2332
66 285
7 287
287 427
289 544
267 289
11 290
66 293
4 294
5 294
294 544
36 294
66 294
298 427
48 298
15 298
298 1263
300 301
5 302
37 302
1 305
1 307
4 308
5 308
7 308
308 544
53 309
7 315
19 317
5 2367
66 320
172 322
5 323
7 323
323 544
4 324
5 324
324 544
66 324
66 2376
7 330
37 331
301 331
5 334
172 334
37 338
5 340
341 544
66 2105
42 344
172 344
7 345
351 544
173 351
351 1923
169 353
353 1998
66 356
60 628
362 544
37 362
66 362
66 363
66 368
3 370
37 371
44 372
66 2110
66 2111
1 381
11 384
80 384
385 544
172 385
5 386
386 544
267 386
386 498
5 387
51 387
114 390
66 2113
2 392
392 972
100 392
21 393
66 395
66 397
7 401
173 401
66 403
4 405
405 544
222 405
66 406
66 407
66 408
8 420
420 1456
2 425
66 426
37 2490
2 448
6 448
5 450
7 450
33 450
451 628
1 452
5 452
453 544
172 453
267 453
1 454
172 456
34 2509
66 2509
1955 2509
172 2515
11 2521
9 2523
5 492
172 492
19 495
29 495
497 821
267 498
42 498
66 2547
1 2548
37 2548
172 2549
66 2550
1 504
37 504
497 2557
427 544
2 523
5 524
4 525
525 544
172 525
267 525
66 526
51 527
66 527
529 1998
529 1232
529 2326
0 544
4 2604
5 2604
172 2604
544 2604
66 557
19 558
3 560
560 1232
3 19
11 19
5 579
37 580
1 581
267 581
12 581
172 581
1 582
267 582
1 584
172 584
498 585
4 2644
5 2644
9 2644
544 2644
66 2644
66 2646
1 601
2 602
7 2654
18 2654
544 2654
48 2654
1263 2654
427 2654
66 2657
33 628
217 628
5 632
66 632
66 634
66 2683
37 2684
66 2689
66 2690
37 2693
7 2696
18 2696
39 2696
45 2696
15 2696
250 2696
37 654
24 2157
5 663
19 663
66 663
4 666
5 666
544 666
66 666
34 667
172 668
66 669
37 2731
688 2026
544 689
172 689
3 690
544 690
1 692
301 692
1 695
5 695
66 2753
544 708
66 2759
2 2761
11 2764
5 743
427 743
15 743
66 744
5 746
66 746
8 750
4 753
5 753
544 753
4 754
5 754
544 754
2 755
3 755
755 972
37 2812
1 2814
9 687
172 789
66 790
9 791
11 811
106 811
5 812
1 813
66 819
56 478
66 478
293 478
267 821
172 821
5 822
7 822
15 822
370 822
5 824
824 1692
5 825
5 831
36 831
37 831
479 831
66 873
66 874
66 876
4 877
5 877
544 877
37 877
5 878
66 878
5 879
9 879
370 879
4 880
544 880
9 898
66 899
5 904
7 904
427 904
48 904
904 1263
544 905
66 906
628 906
1 909
11 157
1 948
114 948
172 948
267 948
69 948
2 949
3 949
6 949
8 949
10 949
949 1193
949 2372
949 972
5 950
544 950
5 951
66 951
1 952
5 952
172 952
267 952
479 952
172 953
2 954
26 954
66 955
37 960
11 964
5 966
66 966
5 967
172 967
821 968
66 970
628 970
906 970
3 971
4 971
7 971
954 971
544 971
301 972
5 974
37 976
47 978
1 987
59 987
114 987
987 1193
267 987
4 989
5 989
544 989
66 989
3 33
7 33
33 81
66 169
3 7
81 1084
114 1084
267 1084
69 1084
4 1087
544 1087
66 1088
972 1088
66 1089
66 1090
66 1091
3 1093
544 1096
9 1097
66 1099
5 1102
81 1102
4 1116
544 1116
11 1117
37 1118
66 1119
16 1121
84 1121
5 1122
66 1122
36 1124
172 1124
831 1124
3 1129
5 1129
66 1129
114 1185
5 1189
66 1189
1 1193
5 1193
6 1193
8 1193
172 1193
5 1194
5 1195
18 1195
1195 1692
11 1196
37 2592
301 2592
4 2593
5 2593
9 2593
544 2593
37 2593
3 1226
267 1226
172 1226
301 1226
4 1232
5 1232
44 1232
28 1232
544 1232
66 1232
4 1236
5 1236
544 1236
66 1236
172 1236
66 1238
172 1240
544 1241
5 1243
9 1243
12 1243
62 1243
66 1243
5 1244
28 1244
66 1244
172 1244
66 1246
66 1248
5 1251
4 1264
544 1264
5 1265
9 1266
37 1267
66 1272
66 1273
53 217
81 217
66 1347
172 1348
545 1349
4 1372
544 1372
66 1373
47 1374
172 1379
5 1381
33 1381
172 1381
5 1386
7 1386
427 1386
48 1386
1263 1386
5 1387
7 1387
370 1387
301 1390
37 1391
3 29
12 1455
172 1455
11 1455
301 1456
1 1460
66 1460
114 1460
267 1460
4 1461
5 1461
544 1461
66 1461
66 1468
37 1472
7 1474
66 1475
4 1480
544 1480
66 1480
9 600
24 2649
7 1565
5 1567
66 262
544 1589
37 1589
19 1590
9 1600
66 1601
7 1602
18 1602
37 1607
1 1608
37 1608
7 1616
172 1616
323 1616
66 1620
66 1622
7 1627
66 1628
143 1628
5 1629
66 1629
47 1631
110 1631
7 272
9 272
173 272
72 272
301 1656
5 1665
1 1666
267 1666
48 1667
15 1667
5 1675
544 1675
172 1675
267 1675
5 1676
1 1678
1891 2328
4 1692
544 1692
172 1695
2 1706
172 1708
11 2346
2 264
5 653
66 653
172 1890
172 1891
544 1892
66 1892
2 2372
21 2372
172 1902
66 319
267 1917
5 1919
5 1921
81 1921
267 1921
544 1923
173 1923
31 64
58 64
66 2370
4 2371
5 2371
544 2371
544 1944
581 1944
1 1945
37 1945
301 1945
4 1946
5 1946
544 1946
66 1946
301 1947
7 1949
37 1950
34 1955
66 326
7 1962
48 1962
37 1996
4 1997
544 1997
5 1998
66 1998
1232 1998
172 2020
37 2022
544 2026
14 2027
110 2027
5 2032
66 2032
5 709
7 709
18 709
66 709
2057
2063
2066
2081
2112
85
109
134
155
346
2074
165
167
181
190
196
206
216
228
231
236
242
247
248
253
258
2307
261
2311
2312
268
269
274
277
279
280
2329
282
288
2339
391
303
304
306
2056
312
316
318
325
2374
2375
2377
332
342
2330
348
349
352
354
2107
357
359
365
366
380
396
398
399
417
419
421
423
424
355
436
437
438
439
440
441
462
2522
2525
2526
484
488
490
491
494
2551
2553
2554
2555
528
2599
2600
2601
2603
583
2645
2647
2648
2651
2652
2656
2669
629
630
631
633
2685
2686
2687
2688
2691
2692
2694
2695
2697
2698
2699
2700
2701
2704
2706
2707
664
665
2735
693
694
2747
2748
2750
2752
2755
2757
2762
2763
2765
2767
748
749
751
752
367
788
792
818
826
827
828
830
2552
870
872
875
896
900
901
903
907
908
911
2546
957
962
969
977
163
505
988
1007
1085
1086
1092
1098
1100
1101
2650
1114
1115
1123
2085
1186
1187
1188
1190
1233
1234
1235
1242
1247
1250
1268
1271
1350
1354
1356
1357
1358
1359
1360
1375
1376
1382
1383
1384
1385
1388
1389
1392
1458
1459
1951
1469
1470
1471
1476
1477
1478
1479
2306
259
2308
461
263
1585
1586
1587
1588
1593
266
1603
1604
1605
1606
1617
1618
1619
1623
1624
1625
1651
1653
1654
278
1670
1680
1693
1699
1702
1704
1707
291
635
2309
1825
2702
2703
2313
2364
1918
1922
2369
1943
1948
1952
328
2021
2024
2025
2028