1780417033
3573667301
3467677732
2537368974
3041837010
2205618490
1277630471
2878998832
1760526284
2595161652
1819782233
3440510504
2051519515
3309040524
1888271840
1613972244
1727396834
2202941172
3685300424
1508921575
3207415452
2590471690
3266174034
2900302761
1502352172
3236891134
1837744013
2153202302
3203878155
1834398880
2654021013
3536848202
2658254545
2036721873
1996563913
2656907077
2115441865
3182355133
1567852087
1889630235
2085208267
1232302777
2255982190
3220943182
3210143252
1994117517
3170278963
1746097615
3153861014
2871523912
2865560870
2138174165
1615913053
2099719145
2549047087
1873760064
2946817025
2946817025
3165241664
2863935604
3587075055
3745749742
1823173321
1855500372
2194518813
1750302003
1729908110
3696022923
1049645143
2952435102
3226143855
1654500783
2038481717
1738649017
1756648547
3227743301
1802520647
1834329757
1480910694
2654021013
1905322894
1480910694
2987853677
3476844274
2509923000
2030516255
3472323892
1777041480
1237219861
3719139772
3719139772
1777041480
2055582857
2720024001
2824513774
1692595711
1571736172
2016732781
2006674007
3557252323
2171502554
1876898732
2532319692
2712390300
1259447393
1942578502
3440510504
1773255674
3730484343
1919696505
1558226663
2853103880
2280379430
3318632542
1280745942
2239949851
2727512462
1839641473
1665192495
1280745942
2239949851
3411084062
1875258471
1677378835
1421040540
3734786045
2133849950
3579866465
1760903142
2274567792
1863400440
3681075923
1722560522
1761913092
1673217932
1670049113
2770542630
1802520647
1578528390
1888277227
1888277227
3200579057
3730442162
1681077301
1470566153
1670282043
2026641893
2732936970
1871341385
2981023282
3515318452
1294355705
3052718537
3041837010
1686505804
3624504337
3728161605
3201650330
2690182583
1659420524
2589300585
2258727970
3572697650
3008106310
1646000801
3116351471
1082121547
2418724427
1638782947
2349911857
1177389445
1312193894
1883540483
1277630471
1625997331
2339599887
2257434680
2287593505
1461587015
2496434537
3043414563
1888135272
1888135272
2633838321
1700738970
2671983551
1854778957
2463531350
3179080210
1883406100
1783341764
2714244244
2781813172
1326147482
1326147482
1960964811
1326147482
1326147482
2735237145
2156403034
1874566387
2097152664
1780142712
1716376343
1677991972
2983818200
2159913184
1812257854
2964721395
2186870070
1557181050
1347457814
1880552755
2661441851
2734328101
1870583894
2887527910
2256850472
1991395494
2473975102
3471089420
1727596342
3609497031
2996395094
3214400241
2382242382
1743809493
2210202280
1352453183
2682713561
2748409102
1234177791
3221724181
3198218110
2639937370
2171536211
2302143044
1769466644
3608649442
2321701793
3011672627
2582656742
1604247602
2703348717
3498539682
2361608710
2848050872
3045806921
1604247602
1895228942
1563340975
3368631804
2810013532
1080149374
2665101421
3566827765
1188381592
2635531690
2619513633
2938079361
3641758352
3712910963
2689251472
2664239053
1291562963
2089716305
1748363223
1868112745
1502292185
2203648020
2113710205
1729125295
1865521182
1860114255
2419628510
1793084945
1353289835
1686550961
1821298093
1825920945
1894697842
2133562703
3241566060
1758022757
1663793702
3466745474
2656274875
2460705895
1307589391
1944048324
3621984257
2204114054
2289530830
2951971705
2764893441
1769986242
2157150675
2360805743
1825247135
1308968364
1888067091
1972980701
2745878721
1079395180
1418051905
2151957602
1701446895
2736471427
3131422983
2317357755
3051653983
1220077737
1421489684
1842435054
1894093782
1777145271
3220343211
1716546220
1748414701
1745185692
1875281567
1821354921
1770689674
2433154307
1685859667
1491186911
2465520502
1805261754
3247810752
1703560802
1985579443
2887901001
3227669433
1728102440
1674880497
1891578594
1764540552
2172537850
1733994353
2412868634
3579161073
1837476110
2609753601
1619282107
2096021113
2251637480
2524771040
1934751427
2734194170
2169542917
3188456993
1748010500
1261241803
1447209977
1724701825
1743180003
1785293741
1846266524
1750699597
1787761734
1525781703
1497548221
2473044372
1649613644
1266377593
1965411971
1899647625
2090771074
1764606933
1682506491
1836899414
1798996703
1025352990
1421930035
2508793893
1982413554
1869903167
3515371681
1769414594
1749613202
2663760927
3698285755
1743093275
1747837351
1981708587
2961976990
1777457505
1768685094
1820875732
1836162005
3125771041
2400759055
3599569725
1595633451
1826786405
1764614612
2164042345
1781362511
2177821212
3112254295
1792756772
2429115133
1851016407
2408119633
2476519264
1856206447
1967264571
1834248123
1878950264
2460623994
1350543594
1942635571
1797370562
1810405192
1937612037
2950611320
1219382190
1736443717
1947950811
1657857602
1763352145
1838825430
1839700650
1375344602
1725020544
1896082531
1644067754
2109775560
2281489430
1768488080
1730223552
1768871252
1785061230
1699064132
1607438004
1239048905
1739473177
1843445285
1669525773
1779446857
1656378732
1403458665
1911778135
2002268925
1788197363
1771796290
2213575853
1713926427
1693791840
1963473733
1873815177
1053769232
3047986740
2188218297
31930885
2294828175
1819904951
2476027482
1792997312
1766846057
3737460014
1641062402
1859041144
1852422417
2317029433
2032400747
3185065120
1747648650
1741545164
1859122650
1863616251
2005071270
2879529382
1759658607
2213575853
1804877943
1930884852
2840024891
3245143227
1681733345
1870493204
1155862103
1693134342
1918401665
1773960345
2786943272
1756579793
1733687904
2797443312
1937501591
1804165967
1651696730
2506181570
2776966911
1904246711
1695872404
1771753590
2416482367
1914217062
1864729954
1774059770
1905505917
3068804893
1703742340
1764270190
1812665282
2446456812
2142435645
1311989975
1656549524
1758596655
3712173722
1218184053
2279584942
1779646072
1827782845
3172796467
1712288435
1684823827
1656619157
1156815237
1348429554
1731014492
1971266025
2610093991
1658588173
1998101787
1768809804
1737179495
1060860934
1347486064
1798997195
1745907945
1800445847
1846865805
1980359422
2161781800
3720895491
1245165851
1656559054
1823010791
2619762255
2325124755
2151504860
1760753160
1776084133
1869116572
1659202054
1622097307
1935356592
1774457861
1770712073
1857519790
1930760681
1621852123
1740438631
1740438631
2409157814
1878843164
1827607722
1902667227
2522395422
2515044363
2311292662
2724196820
2881863222
2785335202
1882633964
1240176107
3185121124
1686381974
1890545395
2302232717
2604318941
1847713883
1501665264
2790494783
1923535653
1768795905
1886934634
1716831235
1742998187
1956253451
1900028251
2865274890
1985708965
1405120944
1230706733
1956099771
1860861570
1749657312
1741651440
1656949537
1573241801
2530640423
1740378301
2320774194
1783100261
2421787650
3205471184
1323462865
1757611445
1500736550
1681053497
2743855927
1775382341
3597728235
1549195040
2502144231
2010620130
1671830075
1401887394
1727290954
1142690525
1773941965
1677035495
2056407647
1318233094
2191225911
1790107441
1785321682
1886643605
1678314444
1589202203
1225866391
2152143150
1683332513
2373449384
1940661873
1212265342
1824965005
2078510983
1174289667
2178976353
2145649137
1702116270
1726509505
1732146174
1727362293
1656139257
1927138712
1251202292
2428443955
1258714581
1929153193
2195850300
2014762321
1748797957
2828409880
1724412020
1646741375
3701923650
1786104782
2208859561
1763779625
1838069477
1715978540
1687742241
2473194512
1686482990
1815155913
1621038522
3115135737
1351441164
2819669307
3254339364
2359029923
2709281252
1249819543
1967347687
1577938173
2130198161
1649025545
1850341863
3026675875
1790945977
2719884033
2457968444
1779263624
2457968444
1773523061
2493816114
1684295180
2548411684
3039497765
2510472210
3234583307
2644843943
1634079655
1750997253
2959392034
1766486023
2308730464
1695933067
1731228314
1779473583
2254957603
1825370361
1617701452
2712459891
2467036073
2146285254
2660307161
1731702972
1824447877
2264330405
1936093597
1788084835
1803450117
1911841462
1769408634
1300543593
1525666497
2172837904
1750516724
1889495623
3148563760
1094165067
1804659243
1735597013
1727556380
1631108511
3084565273
2915142153
1789603601
1765890514
1789666111
2662478283
1647318413
1973396107
2499379534
1195792721
1394507384
1849076497
1822382381
1805319593
1895954137
1221646974
1737140542
1662040753
1931693431
1903874415
1920790921
1214330504
1697075001
2485512614
1934429941
2830597183
1277247552
1629071822
1807405702
1943626423
3238400121
1729457120
1891622622
1650838150
2668678817
1757191955
2295756404
2346253110
1785978675
1981905427
1497398473
1652445561
1747198617
2278976062
1969386293
1660996131
1547248143
1829403260
1936093597
1791769350
1686250702
1895574653
1974571395
1870615527
1764226710
1628096202
1862559790
1674247401
1957347077
1771983791
1940990201
1644042432
1850340422
3604203577
1745863117
3175656170
1794183484
2870079550
1045241615
2792007925
1737801363
1815812527
1731495764
2487426325
1512039514
1726664021
2579242720
1789865417
1728535133
1686543982
2128826700
2124335537
1629654075
2299308597
1763695727
1712320112
2971940091
1893344884
1648170437
2150756347
1622163960
1801578321
2074045117
2433181047
3788697831
1813054024
1678784631
1689951705
1739447443
1757021033
1765074847
2446638793
2661339983
3561564632
1933135147
1692910983
3780591185
3116066973
2038573660
1742269345
2165745024
1405777033
1940783205
1324807567
1570941820
1243703591
3036440987
1827531444
1635806445
1838524462
1828189185
1661801365
2343389705
1809854982
1690056990
1707849681
2744216823
2944622485
3694259713
2306331160
3773752570
1873010382
2352937615
1705272944
1780048552
1668328365
2661162793
1303937395
1910077524
2300502603
1253296631
1760781844
1929311095
2448384743
1885951815
2780552635
1661554403
3750173203
1423298103
1140635655
1657770281
1309377631
1919119227
1729409505
1998642211
2156718560
1223461830
1876811830
1849298810
2986151573
1691746363
2086967667
1091899431
2447397905
1715305225
1662751621
2429941980
3394392964
3192154442
1309252611
2910450711
1875760023
2320451065
1849189714
1855061941
2805110842
1743397097
2371201340
2438731130
3188723003
2813973220
1924795747
1825939163
1726642644
2584294673
1691206851
1792440427
2418330283
2008370340
1044749592
2534795592
1036786741
1941911580
1811348582
1844631387
1804374481
1687539957
3065463163
1696477635
1438144703
1882533237
1855767465
1684664852
1700577120
1768416527
1746306362
1703569370
1626408553
2703367641
1350784495
1723462527
2070211973
1706444180
1680286831
1735800464
1856560734
1868795124
1868559771
1632441727
1777903127
1788491103
2317907033
2337963181
1961619433
1958131813
1961937802
1806800597
1077415694
1786748064
1243601620
1300582080
1883877660
1493332700
1728798362
3636677842
2112238167
1936853062
2079096173
1067413465
1063891525
1265394487
1845514404
3606516933
1799673320
2055178840
2646154001
1726903517
3178297732
2602712011
2044400662
1771549610
1806778753
2094865237
1823617791
2632702174
1784180067
1730098845
2670280241
1758279953
1782738427
1773754320
1768501865
3783053783
1694819797
1789741662
2494629403
3223538384
1635230921
2283757843
1724414083
1081313560
1579797694
2360428505
2072273790
3318061984
1880586457
1565317991
1568235362
1690758054
2182971184
3572757934
1731352063
3571255310
1152448533
3306559183
1318507121
1795495821
1859662711
1732171065
1408983547
1233816735
1790077664
2246108694
1824881340
1863407890
1699327271
1658476251
1577847680
2498424002
2950328315
1704238891
2703584351
1650140214
2842334861
1886206951
1947303685
2250330292
3783781654
2168631520
3184961257
1910873941
1842872792
1916808690
2189403113
2126404725
2096845160
3761586214
1603331707
1272190185
1818306393
3112669825
2135562365
1675428244
1882209652
2128645160
1989033013
3173605541
1273312073
3626059217
1682266895
1765311325
1801810442
2068140482
1670847720
3657427133
1879301735
1972774121
2075010313
3681197884
2123004067
3088564303
1645041574
1601600354
1858825372
2394890804
1739128245
1267497881
2454406163
2830112814
2851852040
1858424472
1930314917
2413722627
1777873197
1658552265
3512225403
1378957297
1751333017
1681756410
1450470187
2454063321
2438348575
1747354312
1856751164
1762777747
1624275347
1654472575
1250114223
1239042215
1698229384
1889648344
1805428757
1641301884
1763176822
2598196744
1604046144
1624083991
3017601261
2624784765
2712011703
2650569453
1627543302
1888696195
1746281965
2153076935
1239606701
2550476231
2805094610
1648813054
1745461552
1589609707
1765434763
2154477444
2745246000
1433847004
2242784645
2316908293
1651874691
1762588754
1773101003
1146865454
2168350897
2047978225
2151208914
1242324430
1640987067
1707854487
1271795562
3695069592
2422695091
2770106480
1752655324
1215209095
1908837967
2135425483
2547092617
2973754477
2707171364
1769009353
1642287777
1730779140
1281718393
1902548767
1937122185
1854956493
1801631323
3205394941
1599032562
1763782337
2934163892
2030797225
1929439172
1623602223
2365031352
2008166512
1867428002
1784445015
1691661415
1678126563
1883732045
2493593712
1846384071
2594931934
2877641315
1663149452
1737736845
1647567661
2037457067
1670398172
2653886940
2617687680
1957504763
2025034107
1792605251
2273756977
1706161571
1965927444
1968913183
1890116255
1916004575
2654738251
1227522050
2299278124
3625026022
3704697995
1012871907
3226984573
1664976377
2855717682
1731708553
1867784452
1879465410
1767727747
1805106903
1844954415
3784048257
1768198384
1625474350
1912505623
2822680370
1685382884
2445060237
1248512254
2302218004
1751289274
2129470654
1726790392
3738584580
2656950620
1738677844
1846021775
1864019137
3331406182
3575126301
2801837820
3263512794
2118389253
1617630844
1819096114
1742634783
2185147424
1358781212
1761188440
3229356242
1662775133
2131409085
1697852704
3493810302
1830794183
1301775440
3641182917
1239680467
2031802707
2316025707
1768287064
1734377325
2168112362
1248658945
1814992570
1352594747
2090221247
1849066817
1821915173
1857288942
1765275491
3698073275
1749841821
2611407865
1757450633
2117642994
1751357724
1774155623
1226114350
3748718201
3764335724
1713399312
1793323805
1686208900
1654372737
1769064040
2002034725
1897828860
1739303755
3518342504
1751361455
2055400197
3733983682
1654302834
1796807270
1887522687
1941556783
1844753535
1779168071
1985654207
1265570960
1746521984
1459615935
2660615334
1743152802
1881488782
1835523721
2259392144
3049053064
2128391753
1821978544
2683860271
1896842281
1897709213
1870692151
1392359857
1740642574
2259303824
1748663887
1747553045
1745074605
1508150987
1868701077
2119349343
1413041200
2365582654
1672521474
1940553251
2068459133
2639296057
1695706643
2396746114
2476213277
1939469691
3246851334
1797590042
1402314854
3680032474
1171696253
1753137567
1568551871
3105810104
3540858610
2044460631
1646071573
1584640253
1902658325
1368887981
1263895617
1006650871
1892465427
1947917661
1140596285
3303543013
3738863083
1868359345
2139511513
1909449807
1721956817
1751638537
1791254863
2635850291
1283262435
1573910722
1880242171
1897241333
3307553793
1834171907
3788882621
1570038867
2156323772
1301531582
2163771103
1767964121
1785878780
1624266177
3220685401
2538083731
1824915751
1805618967
2212480697
1771747683
1731256335
1976368667
1675073657
1774332501
2157449572
1924439087
1912750131
1634957967
2008169685
1814891740
1598688643
1601329717
2419026061
2065831101
2168224857
1649204140
1968173367
2269652920
1865316292
1716480340
2258899055
1475507623
1217213931
2659780710
1727467544
2683794561
3472924552
2003348221
2887316972
1663005145
1773484737
1266988311
1248609775
1683495117
2281480385
1792058691
2657811232
1712639022
1867835627
1814423785
1949146767
1556912640
3218484210
1974591067
1750788087
2177940115
1449615362
1064239990
1997956347
1055687412
1899974031
2638738455
2102508652
2605943650
1679296954
1745341713
1737854004
1834602773
2420453704
1818856563
2358500343
2661414175
2207993104
3623316121
3632976190
1678400835
1223503902
2378396465
1597138423
1976320885
2268113160
3592045624
2360918031
2190315570
1267488160
1793298402
1911001020
1923627265
3553230154
1732535274
1980911811
1321442022
1769764814
1878612521
3710182507
1314457735
1843166461
2695648722
1744479870
1674542532
2091894941
2046192447
1698924817
3150347721
1559815795
2919013412
1849197762
1660328441
1435344591
1407968013
1796024743
2324005775
2319569135
2123817651
2001044525
1828865193
1235085582
2934397697
1738045211
1741291437
1261835904
1869143901
1934152955
3333839064
1699681117
2286092030
1232167301
1248851105
1419951905
1328996597
1079569191
2674197484
1922941561
2296698022
2247294724
1764670210
1718281040
1733450645
2963983064
1789638752
1081135397
1639515461
1619640445
1762800142
1716539664
1891231177
2235375051
2057242505
3150285377
2252819164
1923321132
1886403297
1548602395
1605955127
2093140907
2111359582
2537745347
1867523433
1852020022
1444239543
1760035603
1285621070
1780390165
1896068795
2360869692
1830212441
1786901827
1689763522
1394584280
2123142457
1697319343
1366947840
1987144405
1817531954
1625269695
1675981303
1524285913
1761346542
1862385305
1958132051
3782391023
3606386911
1941872954
1839165247
1801717452
1855284831
3601576610
1798077321
1658660891
1831104400
1809596560
3768988202
1291072971
1697368670
1880462143
2008491407
1910732592
1671326524
2297739897
1862148832
1764853457
1751428837
1804116255
1246297945
1744035495
1892014563
3669506492
3622014331
1336403050
3243812097
2607801647
3285568767
2065676535
2636407863
3483006135
1890075994
2329860700
2280406512
2004886230
1743042640
2618167971
1136344530
2379807143
1863443970
2492408445
3503970435
2394284004
2446398632
2513568523
1213812924
1993072605
2933264387
1454419017
3680098781
1392445075
1242016380
2685761095
2013145962
2811341400
2235386225
1748912371
1420157965
3132680923
1634713447
1653424312
2706200842
1728172027
1855516087
2661682061
3590238364
1854416651
1855415091
2028628447
1900014601
3481892201
1757203973
2926922962
2411766107
3494780393
2448755105
1931046685
3615209744
2100544392
2886260354
1730216657
3683877377
2110718770
2123334643
1806892147
1445429467
3557473741
2776345572
1270390665
1240454235
2210940695
1881710952
1919345503
1568325621
2516436762
3486521613
2199381150
2726940533
3742170194
2757210031
50516769
1808984142
2643933073
1971392405
2636231827
1789448810
1284396395
2771369137
3196443187
2392192631
1985730025
2992907884
3608436620
1894795211
2117050563
3218071703
1507553910
2156052140
1350836120
1929274563
1639493120
1730548444
1655806562
1746511314
3760212743
1868036553
1310994213
3300752242
1741035672
1750610473
1873785344
1720598897
1873785344
1734044827
1639639353
1837048615
1853756755
2183894825
1745459552
2294421413
1876485655
1615739604
2492037047
1951561961
1504229201
1659110451
2142233630
1794401407
2240827712
1683601087
1853825831
1797249881
1065242224
2435281634
2392973452
1641707703
2199114964
3598621235
1749200875
3283590360
1790451393
1866391850
3197425103
2121419231
2440125792
1813311740
2802105090
1253505672
2804873695
1971342561
1724275880
1969472271
2013444764
1909471525
1899228337
1683601087
2706388211
2677936701
2503489065
1839072057
1908864074
1772991613
2786309832
1569251931
2267517521
2378025007
3183345615
2781792415
2742807431
1974363147
2173218043
2415132840
1759367893
1894946861
2464091277
1829012632
1892015094
1834163007
2023226591
1752214144
1637507724
1181293597
1698288277
1705411497
1937512327
1271947904
1271095052
1765575903
1784271294
1131050803
2097298904
3120332457
1748488743
2641519204
3294217833
1686236182
1820835745
3036475185
2719793343
1757673811
1478945392
1695809712
1976645095
2250445891
3123125531
1740909310
2681466761
1877335210
2028621005
2237753443
2036646770
1733556465
2329744201
2313614743
1736206753
2254646594
1824238427
3120338927
1735498873
1687900483
1645421710
1766746517
1788169117
2477845537
1810856410
1054471141
1665848704
2365925151
3544569501
1876458635
1718549060
1238189331
2194310893
1783276214
2781007133
1582839782
2099686423
1778620051
1091711625
1144275062
1760804451
1719807097
1309904252
2430013043
1735893991
1380194934
2275473047
2049441284
2810438517
2479468567
2039017023
1252991915
1431286502
1447837850
1863741277
3503643485
2550831713
2335195241
1756825753
1942601462
1677342113
1197177044
2375405454
1715533641
1898535850
1787065597
2801437001
2518385470
1860814482
2349483630
2254438672
1519080345
1771955287
2402685212
2091704467
1617368105
1907931257
2514517941
1309149582
2254605891
2389370452
1786760274
1403504852
2172051817
3431129842
1730466544
3623414854
1173907845
1264187061
3782799280
1864468947
2559695277
1731169647
1788806345
3682267784
2041319890
1911741773
1988833505
1761187861
2031697543
1750618952
1225408013
1844215515
1624871104
1239755584
2011567882
2658649753
1278427157
2023280621
1771242484
1585350237
2270520924
2103361157
1790516843
1069931862
1877033795
1751838113
1988725537
1719160690
1799906860
1771328255
1920307950
1911771445
3242566664
1277539037
1933651955
1843306043
2378629505
1777683747
2737611640
2447081650
2608599787
1752440950
1099073842
1539814900
2247357982
2311612602
2264954054
1811760181
1753058461
1817483355
3200784980
1954150037
2277122864
1628235482
2709909303
1865163302
3778450200
3226726561
2702300413
1655626807
2668879381
1677542063
2637577632
1654323832
2427273120
1811225130
1860738437
2091002841
1954976747
2509466855
2187225457
2785271050
1674613710
1806218264
2366736621
1749164357
2914816250
1747379337
1182424214
1692709301
1855575541
1865715143
1606676071
1891584291
1456463163
1921962034
2796445842
1722551402
2170408953
2251839240
2640597583
1827663152
1788769047
1953957285
1800258927
1453405892
2013906944
1308462177
1877778604
1690613282
1991717625
2282211613
1955868677
3696743011
3006775962
1653564661
1877766697
1805546263
1794818167
2432164430
1905824375
3505855045
1751267737
1173995895
2267678954
1858601922
2438695072
1256866060
1745299564
1926825524
1908286084
2028143433
1937790140
1888969671
1687531121
1927120083
1710259161
3187270441
1560912903
1741955374
1232529087
1758721977
1977054737
1740269377
2115897815
1915938533
1783759321
2311657671
1799294503
1691250947
3540337124
1062357292
1710938850
1756869161
2486682784
3557839333
3763709892
2843362520
3637977901
2108792625
1903545653
1229169903
1845276551
2828762094
1763668330
2642262451
3546766784
1727025187
1884584694
2539716842
3729720585
2725616683
1217699472
2207140253
2864255600
1838530952
2972179773
2209910601
1651799263
1902993511
1838063381
2159733590
1856328420
1969996047
1771040411
1850904401
2273897970
2165490207
1773507785
3114076413
1974347281
1881407942
1886712652
1784366872
2136433640
3785681110
1748384070
2029689717
2335788521
1737223911
1765736190
1579044145
2565719097
1846779813
1740186502
1772278521
2155314824
1912692175
1905388231
1876727200
1768068835
1464929887
2103374677
1617087554
2406494884
1691507102
1688266307
2586094792
1177546933
1408351174
1642960977
1774976945
2369398151
1426545245
1909449807
1405707200
1882728130
1223440865
1788503463
2630166511
1662942541
1807576514
1233281285
1804497050
3190036250
1551691992
2182011934
1942139875
2608127287
3479899015
1131331520
1667793725
1761740570
1948194063
1968744185
2469383772
2978800925
1354626473
42525414
1370107835
1590154932
1879328493
1603262020
1751512790
1743960437
2275278254
2707971553
1252038547
1729546183
1919082213
1776738945
1778330231
1217616111
2609763685
1416712382
1610034074
3608675852
1885940171
3759539590
1774452431
1870832713
1363421392
1390639492
1829875117
3049587275
2078430843
1652450874
1590636247
2016129527
2253463712
1860364055
1917993272
2636374332
2015245381
1695432527
1854766860
2775274080
1353435264
1997608677
1727691311
1830693585
1718467785
1784425587
3147852807
1238958713
1672228683
1967910183
1847107960
1874057124
1813856763
1746280420
1283888993
1930082525
1651155441
1615507330
2379267751
2034497184
2856786114
3622058285
1659248150
2089842365
1398587743
1636605241
2178736375
2865900750
1277310944
1573973011
1766440597
1868744392
1692196142
1228833071
1242752633
2840314013
2440451042
1784605061
1620963260
2193890214
2454358434
1943675682
2001480771
2246439415
1943982033
1838303444
1774179374
1820555111
2078599155
1875450671
1503501742
1905289824
2641798533
1823232535
1270876052
2814321734
1850893670
1662861502
2691765111
1719507894
2346954995
1634550061
3234963103
1422707053
3253715762
2963215943
1723564553
2696114401
1558828982
1672574620
2869581222
3552258634
1745401835
1758100403
2238547823
1688599932
1676188142
3164196883
1879660862
1736891712
1950823657
1843947593
1763899454
1725141105
2810599037
1659000703
2368469400
1804436991
1764124712
2644121834
1751486151
1794394654
1864502334
2244761970
1634701114
1579143803
2031400895
1656212382
1283572831
3011771987
1729517892
3699186347
1966212395
1908231823
1097347047
2054478715
1826945342
1940804152
1798743933
1433045580
1432017743
2183933025
2127317240
1966212395
1819760350
1797351321
1269803221
1796164473
1722851123
1834147923
2135228604
2626295583
1850896637
1963458773
3223146393
2602197187
1702110595
1300171373
1597533442
1772144994
1841981091
1770702274
2817391702
2748809301
1789881905
3786379242
1878933087
1843068423
1898725705
1947392625
3213336972
3050344645
1751286665
1776224202
1711317843
1771065421
1834220590
2585985867
1630342174
3692954853
2701295242
1803308521
1294163683
2217885724
1729506374
1309539134
2422827797
3379279004
2722365530
2710558722
1826148611
1583518535
1943218002
1640101481
2680522872
3564694992
2137702534
2608129212
1441973781
1642558000
1904440704
2151682541
1734630414
1767540107
3766734350
2518252677
1638872982
2013719025
1743774015
3768712445
3713464123
1793696693
1764311551
1820017161
2274768190
1575133445
1972465231
2711742257
3051186885
1169150573
1864052130
3603623181
2964866217
1836925317
2475179977
1876919207
2857728414
1032964363
1972030317
1900086332
1751412047
1748573565
1906478103
1911326913
1751400454
2003611477
1366837523
2234472161
2074085334
3302403234
1282876912
1934780467
1535151615
1903040123
1834749624
1428640855
1830968875
2245058575
1947756125
1997462922
1787060537
1848736604
1849639700
1836775780
1747838971
2035723601
1792972210
2189770644
1986797463
1797917355
2663818375
2277218414
3190428290
1746883245
1114625423
2073121540
2092430911
1280215180
2300332270
3540686632
1734619262
1789269920
3704904271
2717924901
1802124435
2409037990
3473917524
1817241132
1819406492
2806308300
1310334845
1943714812
2090661961
1642866030
1934705041
2732499122
1629897290
2757051245
1997201447
2311883013
1608681842
3748174013
3782323430
1779757431
3748174013
1678298155
3720051537
2907218667
1618768495
1618768495
1287302531
1908700005
1314608344
1913055074
1998408190
1679236503
1775955873
1618768495
1872771460
3645601981
2400228855
1242281341
2158493695
1972190147
1878709623
2254560877
1767281363
1190096735
1225544825
1974650404
2682442171
1215650351
1682313363
1509599740
1664091627
1861933210
2897649883
1801748280
2735146604
2299871127
2033440952
1632190715
2188385722
1942781081
1700594724
2525170492
1818719871
2069109527
1870647613
1924115241
2481379014
1292868054
2313627673
3196907075
1684414253
2661215303
1963385667
1749575840
2274426012
1938452085
1045349871
1918704010
2591130200
1793685111
1368312442
1672719683
1618768495
2579136712
3760580042
1685880261
2680935494
1756431101
2074758427
3760370604
1760765404
2005277027
1852712377
2004066481
3270719570
2439154340
1865391770
2329583804
1776635127
1618768495
1618768495
1618768495
1618768495
1618768495
2430798615
2931564590
2750965080
2793567900
2672046583
1772527647
3043212374
1717154297
1804327004
1607970580
1779864730
2806879240
2264965031
1359123484
1179155890
1835102097
1252152844
1708909664
2647746063
1642591402
2946398654
1705137504
3597909384
2804220262
1943763210
3480492672
1669598192
2873183882
3173917862
3117246597
3331406182
2458429853
1397504080
1740252937
1397504080
2803301701
2651452011
2300172881
1818868387
2244225830
1272865234
1791761453
2805255212
1765080193
2481037953
2170275920
1787231164
1836557005
1784225902
1407580002
2088677271
2266478051
1616689573
2144183335
2785920102
1651228731
1644434484
1597781684
2154397794
2664934763
2716456311
2014075490
1760054861
1693458462
1976749717
1240746957
1758707277
2715770351
2272031230
2131533880
2208756242
1269029245
2310085455
1615654224
1793607221
2008961481
1832518927
2658254545
2823515252
3267932313
1649053500
2610534211
1971382601
3269033783
1092287087
2077332361
3416612264
1802131715
1776749413
1588392975
1692599845
1362530487
1651551384
1663013623
2871065444
2098108435
3027684677
1972604943
2140489232
1302973547
1649638912
1750200165
1682244302
3294700007
1713403490
1729621552
1773232993
2122000635
2372320145
1893094647
1541585745
1271795562
1791519105
3772221191
2467861052
1674653685
1879832534
1940764261
1894946861
2042344924
2875934633
1078285484
1740343852
2881597440
2139573465
2993967725
2053173583
1429310063
3051102317
1914599411
1855466527
1720115130
1455197525
1563320144
2266593724
1615202794
1820865212
1883334177
2569718091
1790411253
1704949245
1780723100
1846458591
2188660801
2704407205
1720221690
2706140653
1743605393
2298552527
1676540051
1737596951
3785672114
3789368521
1875970741
1770971281
3546212750
1723513807
2800425133
3186771994
2304020457
2117970184
1655494620
1242473825
1770385440
2802523904
1285280454
3137668393
1829414064
2786625720
2451496604
1721266191
2559827734
1854589111
1713823760
3163626590
2180260021
2428069390
1836252367
1705386490
2244821987
1734925081
1787496641
3515626452
1574019930
1906409347
1551225150
2022177951
1525230210
1739878235
2435830492
3460365900
1665975140
3522862307
1737698513
2793293964
3463171812
1763362173
3660001524
2367292775
2143053060
1065775025
1878771683
2151093430
3785879425
2230683064
1233442293
1544145233
2974505661
3207116594
1301558087
1021548124
1851811760
1702917292
1560608565
1371142052
1806324185
2042160287
1742436281
2651452011
3262414534
3608813935
1944985792
3061530101
1819447465
2189805852
1923972017
3197491574
1608421342
2698871364
1803725460
2023210781
1902804741
1542349141
1628714825
1985809851
3662858804
3185086701
1623601035
1755416923
3648855114
1880287454
1739196174
2314185865
3764650861
2262045595
2342783532
2578986672
3095418985
3718888077
3735175577
2933735857
2138491033
3576914560
1762938314
3710404682
1783913644
2307152967
1959435333
2286908003
3240071330
3255234983
1710308005
2137225817
2402339574
1791558735
2009063483
2427221812
1777018013
2647949301
1169554324
1250902072
2619383152
2813736702
2865588142
1783878642
3218071703
2093282695
1898330337
3483231420
2426845714
1856203600
1750754127
2009417117
3784190973
3702169973
1348947915
2169363434
1735933972
1956467601
1850180523
3204184934
1724717613
1795235535
1249071587
2244314130
2038480801
3254681034
2975213352
2975213352
2553665133
1762025694
2370404524
2214973830
2619460511
1259021563
1253099320
2134509287
2606771907
2490560570
1686987695
1850973927
1825600265
1431850097
1012046321
1724885115
1858029940
3706030234
1931489090
1448287441
2709261763
1972404655
2161063800
1641107575
3483666382
1771916562
1748647912
1731207792
1625765831
2796589434
1302729211
2640730763
1983433511
1199094482
3216051982
3528348213
2774504765
3742958481
1817308197
2823389680
3155927275
3181310571
1825580935
1982600302
3772042447
1649241922
1582455912
1866747981
1994898165
3717243353
1825347963
2617181444
2032114344
2672383884
2642857114
2256889447
1813757142
2165646057
1336652593
2474468692
2008760105
3291589273
1840616497
1856665872
1806360924
2804924507
1743104204
1137054504
1795028791
1816030431
1897504113
1722753220
2670638434
1868804694
3605097320
3412948132
3788468274
2837338712
3636197741
2233230350
2420068495
1973770067
1268104485
2420068495
2380078803
2420068495
1924615254
3752888874
3710247634
1436485515
1870841385
3776629405
1950727677
1886251483
1825757231
1678086107
2934384192
3776808235
1250578982
2105578067
2698798082
2159085404
1786769111
1061058892
2717240937
2036256477
2177357673
3189943703
2660414342
3791147483
1650838150
1868233564
1659523457
1745585121
2878827992
1725689470
2685177801
1987716577
1853994895
2050802670
1769225412
2356733264
1765362593
2076414941
3562275042
3776676013
1656126617
1912644220
1623688281
1817227037
1945560717
2605382293
3543249567
1967853437
1973176471
3786134037
1651090700
1828280137
2406248785
3057756801
2595883582
2108549195
1901377135
1774186200
2319096600
2454726260
3648564443
2014048461
1768744975
2418265447
1833223140
1722637384
1598020964
3787825442
1939462160
2635395184
2727512462
2386373874
2704407205
3771608573
1658383247
2144124191
2733807125
2827004652
3187330350
2425936562
2019598685
2981248907
1678625633
1751773061
1613597224
1735972397
1848566455
2769204195
2709606872
3106370807
1735853214
1773865221
2298822197
3775157780
3557853767
1794083650
2367021651
2641384673
1577321902
1565982255
2295935045
1921831052
1596530195
1405560274
1688427413
1738539054
1792154865
2297973521
2377520393
2120093827
1541818331
1727188235
2210214382
3221289407
1904171145
1231258377
1608596995
1945281471
3085459257
1721057017
1134154041
1863608660
1726658977
1884525124
2033970503
1561245565
2283692177
2639302801
1787896641
2835410372
1568604900
3294886405
3668981714
1356373843
2537348790
1759727591
1839675280
1822593501
1894058115
2495211292
1715941072
1982753071
1572492243
3038866974
1271250145
1829603111
1823127115
1795254490
3035007731
1825956921
1686005833
3769394131
2117283787
2122429644
2205620601
2686031960
1663736022
3474007334
1769424335
3229776244
2651167490
3549113212
3765355531
1750595821
2732414562
2408993684
2245358371
2704966065
1281958427
2706441692
3783107362
2525212544
3158808634
3525201884
2729708823
3676932322
3765192202
2303396575
1867965802
2300880622
2151698135
2236613142
1711436735
1796494260
2875990312
2142832243
1974885757
3169320760
2482622867
2712760721
3286320095
1977109253
1785426564
1993292093
1231614504
3780167604
1415593212
1986414365
1895762193
2423501160
1828943213
3787422761
1823769047
1807805942
1768458170
2656274875
1967930793
2201905904
3283985857
2501780232
2169264467
2014304044
2562829720
2315768450
1762876893
1641604625
1849295684
3175464075
1747975627
1067288450
1248682770
2317407752
2171966055
1783397635
1815139654
2730486757
3787594071
1658273811
1724985773
1854535595
2027584234
2615441243
3164578913
1883893464
1839242971
1675024584
1445216587
2622135931
3756889815
2498516290
1877126582
1882516155
1801498981
2553819720
1792716614
2137885540
1152201242
1827459982
1772413063
2051916337
1985142745
2264585787
3183517262
1730613305
2211488053
2110542982
3254574153
1831170805
1788197797
1889709293
1677432097
1131075847
1931270413
2192376672
2197956670
1087591193
2173969217
1715719801
2049703322
1848408447
1557908227
3474523770
3722731334
3738775885
1738369274
2813183230
1817706572
2317441915
3600303637
3055017223
3072934367
1223855005
1779451675
2508735185
1263006763
2654486684
3540536982
1848537461
1869085725
2933093770
1770414252
1739167761
2257860452
1401524411
1781821601
3551312870
2804318020
1713620452
2028354642
3240938542
2230228055
1971440074
2608592694
2490112552
2705178117
3558127321
3686554673
2042442891
2928795997
3657765712
1912847905
1435164397
3498326520
2095948794
1644916083
3238386994
1792262545
3043385514
3043385514
3459335852
1244326161
3517872294
3668762254
2097152664
2473176721
3180242461
2674885901
3558685847
1326406437
1234177791
1904761875
2241185921
3059741397
1576463473
2642710793
3727440892
1777273207
1846316581
3235087934
1853491372
1136850444
2288981761
2803301701
2423434802
2642653061
1252373132
1648328205
1738355852
1547375517
1942172825
3153251993
1071023090
2210033281
1210476563
1612350383
2925155145
1605904604
1725850975
1830498194
2505277242
1760183685
2681200773
2782964074
2797693035
1742697245
2583887490
1944391090
2615158252
1924327611
2308477407
3169230921
3717613871
3178506710
3178506710
1447527674
2290422910
1644114654
2900302761
2243237502
1715891937
1680520875
2386189973
1721181140
1822066615
2983264251
1274735567
2803301701
3539325684
2433638793
2470908722
3194209863
2509923000
3036814777
1785682930
3087118535
1859428970
1915503004
2308902824
1965798634
2786739290
2295165451
1496846867
3781410424
3500849023
1676237550
3081520040
2076620621
3056467913
2421813851
2844012555
2281122894
1732167173
1739326937
2025532335
3092142805
3064427381
1925047183
3094266097
1648539610
2036393702
2192469690
1310915834
1789834424
3702693977
3698243093
2758983524
2803301701
2611542215
1776077347
2558575242
1234177791
1177389445
1017597927
2890643595
1905997557
1616698283
2037193465
1879399433
2920195697
2790367354
3468188704
1905437574
3058291225
2552343990
2153326207
3736649865
3736649865
1974576991
1962945963
1967059871
2521318332
2669006100
1645140857
2669006100
2119082672
2669006100
2669006100
2775512160
1733770795
1804371067
2173580880
1460202233
2107005170
3624922564
1893413395
1626225754
2587630372
3707740067
3599027664
1042907971
2297043083
1916780343
2944578371
1496958295
1179508700
1234177791
3235567024
1761625657
3517022525
2612745931
2645096411
2911208041
2789207204
2050280313
3002865323
3043385514
1238135567
2910523420
2863439325
3428522940
2098185584
2647672411
3785392750
2151800630
2108756003
2138298375
2531940200
3659497054
1482935395
1140024494
1887244474
1982325651
3483626611
2023126350
1766424065
1802995881
3266523613
3757330151
2417136027
2109969533
2057826825
3676749284
1407998352
2635804103
1394914942
2535738664
2972129140
2382748895
2518942143
3264470404
2145840202
3082400993
2202121405
2377128990
1604817830
1868353847
3324829492
1880552755
1814869070
2195324675
3802459038
2423505593
3790428090
1959758313
1465574917
3560520387
1580669571
1401004754
1153207834
2392388280
2538001904
2769618763
2769618763
1676314591
3515474770
1764098995
1736305802
1652462554
3309669864
2807733794
3333839064
2129372861
1658205111
1658205111
2799878712
3176274300
3784185787
1534939700
1163558480
3113893007
2286196810
1678327862
1746193917
2799846694
2217128362
3611104601
2626511737
2626511737
2761837287
1185391333
3559006915
3209136721
1052437855
1732092611
3661436423
3752678527
3689207464
3735993495
3772829210
1593678243
2741862067
1370227443
1265787583
3724216582
3724216582
3330311134
3212286953
3734019760
1285771912
1895088933
1997102065
1267454277
1858343970
3690990692
3493940467
1854185534
1986843781
3082400993
2008109417
3697613074
1920221485
1446641631
1650787101
2869065264
1989833137
2400113572
1962688351
2250107321
2707916263
1304159020
2185452843
2425690104
1296520662
1654790492
2100360551
3795516735
3238937447
2774147063
1870873853
3795122454
1591842383
1920022547
2857695712
2095371634
1560950650
1075975204
3787166114
3635255157
1613396265
3738775885
3725781460
2863439325
3757684881
3774003414
2756019014
2919314641
3196411961
1153262497
2030806735
3501516835
2275716360
2457001354
2359551624
3551920501
1563942351
1658645412
2553527412
2572403217
2782931372
2782931372
2782931372
3169230921
2418432711
1831746652
2544567383
3561020234
2799846694
3315207933
3483850501
2634474833
1937021493
1723217977
3114691285
2426738505
1268439785
1423601920
2173580880
3204970840
1234177791
2329482962
2156895231
3598663361
2608234633
3699825657
1904761875
3802645340
2658120535
1906380457
2907846594
1618350214
1551683800
2773461157
1854185534
1411163204
2901076371
2729096334
3267828515
2337850787
2195324675
3224180795
1725900734
1836981767
3191579802
2099493755
3213814982
3248985004
2451903763
1956979551
1956979551
3176071805
2241190645
1612650365
1572780125
3802921160
3798189111
2094100522
1618350214
2755408200
2892884374
2330615852
3189407144
1919547000
3177084684
1918254823
2082968427
1649629441
2729096334
2191204944
2120118184
2507585710
3540858610
2144989765
2099493755
3640853282
1644489953
3179788954
2334341085
1074744145
3204470062
2161788797
1750028011
2239133452
2291616445
2257675367
1852913981
2656274875
2055186965
1272807025
1666328670
3527399192
2507585710
3785674994
3785674994
1663471760
1280988323
1906840560
1865096142
2317388900
3147250954
2511026215
1965955180
3455318144
1788155282
1793285524
1239763282
1735912035
1050644474
3556048573
2216856020
2834248877
2236655987
3307751225
2803301701
1682207150
2913232770
1792702427
2275433120
3099506912
2815224714
2987875830
3196200252
3553904541
1991218162
1658388624
1627693710
2082968427
2099493755
2191204944
1706541175
2883741952
2600170070
2058084402
3582089343
1887790981
1152554163
1214555081
2763485482
1966221323
2569627250
2022989875
3779095305
2097152664
3359141102
3782863231
2776766762
2658228063
2859157522
3681453285
3499427535
2274402455
2762100343
2701708160
2652659933
2707790330
1785770664
2658228063
2729096334
2658228063
1903584103
1640601392
1424831353
2127425791
2673596451
1640601392
1776258773
1790934004
1832643122
2191204944
2530081340
2859157522
1790934004
2507585710
2737523681
2120118184
2319327970
1664971205
2729096334
1871802012
1831335320
2272241420
3095381967
2830879955
2498645540
2794171862
2864720790
1642088277
1837659353
2193685655
3278256467
2099493755
1924852121
1664971205
2281700161
1288674564
3236201210
1729383203
2705486095
1053539785
1053539785
1297274703
2099493755
2866368870
3236201210
1230644857
2530081340
1324690663
1913908531
2867446585
2322870222
2868611060
1856195334
1862506300
2707790330
2660414342
2720119245
2735750477
2767499497
3734130353
3493856394
2904914242
2289456575
3546587961
1778496485
2656274875
1853522993
1853522993
1853522993
1233704155
1708533224
1705219071
2267507547
1756462415
1553746277
1887636702
1838892075
2983702013
1420667475
1774514204
3186153825
2284686863
2639283597
1407998352
2170477974
1077038037
3771383225
1227552187
2259194172
3763665982
3050198822
1217369453
3580191023
1279616627
1822872827
2103222251
2926887744
2038481717
2038481717
2038481717
2038481717
2038481717
2038481717
2038481717
2038481717
2038481717
1750294477
1640601392
3050543227
3425478824
1642088277
3225558324
2514683072
1662038937
1842361494
1642088277
1675450112
1652484947
1314608344
1642512402
1967618815
1759253491
1875705105
1915688503
1482277812
3719322355
1919327102
1361074815
2663244582
2662294163
3515474770
3515665240
3445026184
2182441643
1887522067
3706880633
2408760524
1587064722
3676556445
2167371760
3803226673
3482611612
2038481717
1609489467
1097414213
2028685805
1901630957
2793144151
1675450112
2500983540
1500971234
1324605661
1168882393
1672392695
2656274875
1464760153
2589312922
2800115731
3618360197
3799157352
1389033692
3679705402
1709140061
3458629732
3218135852
1638782947
3702597774
2879097454
3430334610
3540241002
1783896590
3771933982
1642088277
2043155675
3484609823
1753097527
3226201357
2377128990
3774140307
3761457413
3782984030
1768589230
1758892427
3026760723
1304194202
2058720365
2696123751
2365146760
1159109980
2531854780
3306034592
1865322461
1966118554
2568464022
3554790525
2097152664
2568464022
2098185584
3074234973
2338238524
2577171532
1965085802
3443536120
2816412722
2751715135
3067270497
1902783263
2710558722
2711693714
1768357061
2673596451
1018389645
1187023407
3433187214
1778838592
1675450112
1630278895
1402624415
2174080352
2645373241
1403048990
2213589793
3557667875
2680953642
3195675032
3175828032
3503961162
2140006163
2832683442
3669099641
3737796815
2721436627
1737366363
1639483893
2803301701
2106732490
3335627042
2758371971
2758371971
1333408114
2258959352
3566794693
2799418032
1374842621
2017832595
3313541863
1734895385
2254421594
3770196987
3669043947
2287104025
2489506241
2390574311
2390574311
1939462160
3806078664
2703582694
2744817837
1966118554
3730248323
1782783980
2231590693
2812986450
2257168850
1028894891
2094422367
1664971205
3580304503
2094422367
2127881171
2126658147
2211509725
1219869467
2919962854
3460871364
3721978625
2296475057
1709050847
1030129323
2001664395
2261319572
1694159573
2342538460
3812581130
1843616020
1836733537
1789595253
2195324675
1924312147
2675493391
1930731622
1227928282
3818928519
3210127384
1223133483
3635255157
1640601392
2138881553
1559344117
1776659251
3179233234
3082880437
2525309152
3046949603
3046949603
2989251293
2881256650
1434319567
1704916701
1274747432
1395681367
1784473157
1407963122
3613265192
1602486160
2058084402
2257348037
2041871524
1741675642
1741675642
3443001914
2103318012
2605299763
2102793050
1504665667
1760903142
2857855923
1277569311
3115363427
1908653214
1965308061
1887790981
3647021941
2600509912
1951354522
3668814844
3493051720
2656274875
2015183347
3819515316
2108012882
2015183347
3274686352
2984586610
3205244402
1649173367
1841994277
1760903142
2673596451
2795915834
3813040474
1783088505
1233767652
2710703373
1577396900
1780830057
1772522345
1796036905
2609197263
3811221361
2670097830
1785415123
1903584103
3237548814
3237548814
3237548814
1260634835
3212320575
2868255032
3413921214
2583839820
1768247151
2770373843
2791418584
1978006124
1251029590
3220145132
3220145132
3817228111
2492437143
1661020550
2171689277
2218856701
1417582605
3797287237
1648267620
3209552777
2213741291
2701708160
1664971205
3176274300
2658228063
3599897460
2099493755
1938370632
1415911022
3822568153
1782783980
2020921492
2699895135
2505421567
1706541175
1905997557
3413921214
3261219881
1269407101
1407107545
1230883804
1784942070
1985754007
2989978841
2797466704
2706685493
1354657390
3175323513
1324605661
2542165240
2115441865
3524069350
2335576114
2769204195
3819195995
1870422162
1664971205
3254009390
1879534790
3304245873
2263110804
1879534790
3236201210
1677708413
2814829530
3699157323
2253749570
1056982021
1056982021
2411284955
3037291131
2672103983
1401177427
2085874081
1056982021
3236201210
3809012347
2128048212
1855235044
1649129650
1808020180
2643757981
3478860785
2335576114
3788452914
3788452914
1214555081
1659082732
1693053442
3799465605
2551369101
2765789887
3502456653
2765789887
1931538920
1952191325
2673596451
3210127384
1663471760
1200606170
2271543600
1779792172
2645373241
3263852000
1806971032
3048597581
2057826825
3048597581
1845370282
1845370282
3814377109
3669107290
1176257253
2628229985
2649986261
1790695322
3484551203
1784222735
2645373241
1725369633
2183291881
2183291881
1649367377
1926372533
1616698283
2134907385
2035139795
1957933505
2156995704
3015766393
1913011530
2926492364
1903584103
2106900870
2691765111
1221768444
2369578972
1592247324
2633076361
2274933605
1354657390
2958453035
1828204914
1986459450
1960251475
1960251475
2145840202
1828204914
2630296945
1828204914
2116323474
2116323474
2644659950
1747518363
1837415333
1030129323
1871591770
1828204914
1966232285
1312872324
1776077347
1871016534
2576166052
1649129650
1926465131
1000440717
2706685493
3037291131
1699462860
1965630820
1827159107
3586119100
2100867464
2171689277
2100867464
1725297997
2854220440
2814829530
3179046530
1827159107
2575707534
2322086842
2701708160
2650259714
1983990303
3540241002
2597135935
2762892110
2805676997
2402835272
3176274300
2356810457
1881573401
1301487841
3613265192
3262786780
3577624491
2283377945
1837415333
1706629863
2365649804
2257056945
2205502970
1028894891
3093708927
2042583302
3753629130
3776400777
1106505605
1843477984
2118315132
2611585797
1918254823
2257056945
1912359535
1628669597
3435911534
2292720221
1066290725
1628322492
1777302880
1017597927
1826165563
1826165563
2849102521
2818156631
3819460158
1017597927
2043155675
3822501065
1616698283
3782789951
2245764100
1200606170
1881272604
2274933605
2274933605
2274933605
2656274875
2643757981
2209583492
3801357753
3486375447
1261700994
2274933605
1615127183
1354657390
2274933605
3067147527
1354657390
2890016913
2784425985
2959033574
1419216114
2697234145
1990036921
1990036921
1880891850
1729109397
1729109397
1769984497
2316275317
2873430827
1251029590
1437524387
1753092585
3160281160
1650470401
1294804844
2169588397
1876916603
1923712030
1844337630
3673383404
1609660071
2420911255
2256650344
2291253603
1923712030
3771383225
1592247324
3740439564
1279958625
1660718750
2331841817
1948295265
1948295265
2906814793
1766536937
3814377109
1908051125
1752922032
1354657390
1908051125
2770373843
1699540307
1918254823
1872059015
2316275317
1669571444
2559615487
3243228740
1841051901
1592247324
1507175963
2145840202
2959033574
1408317864
1592247324
1871633973
1592247324
1710190213
2113506964
2988619111
3265436841
2720199681
2248085290
1759006117
2060340403
2358220513
2709577332
2626724790
1566127937
2185462244
1437928050
2665613777
2645096411
2168483752
1533480204
3220794215
1660297672
2219819654
2335576114
2335576114
1837415333
1769984497
2583839820
2335576114
1928997724
2275051627
2396254565
3488872060
2259490577
3488872060
1895691474
2645530721
1796980292
1796980292
3562272723
1794667197
2714244244
2130117990
1977559273
3443664252
3048597581
3237548814
2621046331
3237548814
2808557931
3237548814
3237548814
1902051075
3237548814
3237548814
1881831682
1785969104
1715643501
1294123191
3830112476
2338279577
2144719245
1892501570
2820307944
1667261743
2049599747
3081520040
2234596945
1592247324
2049461427
1592247324
1617224841
1752732687
2259194172
2708297247
3817492222
3817492222
1854837715
3817492222
3817492222
2076623241
3817492222
3556048573
3780355981
2645646540
1746034527
1880311443
2657706533
2253490401
2253490401
2645646540
2657706533
2608466341
2608466341
1746034527
2671089753
2671089753
1797449640
2219780191
1288674564
1742566624
1098702852
1930564372
3820663317
2460395154
1813261137
1288800374
3703976917
3827974920
2424044623
1335280
1335280
2411231265
1335280
2119474247
1824026611
2728300242
2109123882
1960251475
1648883643
1960251475
1562076280
1335280
1879534790
1562076280
1971929971
3236201210
3819331407
1787143305
3266252454
2911622330
3662677813
2097152664
2380821641
2380821641
1622982320
2115441865
2176243553
2394771541
1562076280
1568502525
1562076280
1418044793
1418044793
3466860684
2720024001
2980015834
3682146653
1776617463
1776617463
1430134862
2016465995
2016465995
1921218535
1644489953
1828204914
1828204914
2640783351
2894727624
1278647585
1790934004
3784004955
2441367047
1434319567
1105248357
1903584103
2234026354
1344512725
3168738130
1847568185
1871016534
1856013435
1033003304
1766749720
3592722803
2601995994
2296560383
1859597807
3048597581
2414972371
1561737441
1725859151
1251029590
1776659251
1251029590
2748154847
1146557171
2001664395
2748154847
1648272464
1648272464
2748154847
1146557171
2748154847
1146557171
2294619214
2001664395
3318653505
2736420444
1788911247
2360625814
1653255165
1988752315
2050570022
1709960867
3786295337
2042780555
3318653505
2042780555
2503678042
2503678042
1337374535
2503678042
2772381513
3602847001
2084552151
3602847001
1785415123
2894727624
2010477987
2503678042
1881831682
2550589734
1775111980
2016465995
2016465995
2016465995
2016465995
2016465995
2016465995
1759015961
1439966931
1680273017
3806974573
1439966931
1735446312
2322870222
2016465995
1797129847
3803842263
1221768444
1799610180
2006908574
2881149707
3505091501
2881149707
1760429031
1735912035
2862707700
1899415701
1881831682
3740439564
1227928282
1726544024
2075691155
1870404507
3829800578
1354657390
3364886760
1923712030
1923712030
1923712030
1651576225
1923712030
1923712030
1923712030
1421589174
2113506964
3788828462
2316275317
3817492222
2549187022
3817492222
2465583712
2716684741
1776659251
2337974940
2337974940
1796980292
1815261891
1749238500
3108801310
2905438703
1832823993
3597442513
1224389307
3800074906
2257296062
2234026354
2535875515
1664971205
2378868302
1651992177
3196351153
1767508554
2018097923
2038866232
1253265361
1075975204
1437866791
2097152664
1737737970
3033807325
2218345744
3733400660
1664971205
2257232927
2735112811
3207978931
1288800374
1664971205
2495561162
2784498644
3207978931
1700315953
2144684673
2729096334
1722022490
1774181624
2707790330
1606633162
2258727970
1652484947
1644114654
1862506300
2518828284
2481766125
2561743574
3033807325
1787420505
2272543687
2218345744
1974576991
2900302761
2812986450
1744118965
1784473157
1968863541
3266252454
3777148783
1583584180
1676933482
2466115563
1419172372
1079029067
1722022490
2656274875
1664971205
2360016402
2725814967
1725769121
2002686621
1743757504
1938523582
2286138404
2881075730
1682472155
2957997744
2738675894
1907844010
2642005897
1653603955
2810373291
1082531182
2814939093
1584284530
2395057401
1075975204
1720962692
2377436942
1862487031
1903012754
2481766125
1231464915
2537274757
2097152664
3207978931
2586521200
3552239585
1644489953
1991123083
2481766125
1968863541
1865430093
2218345744
2046263187
2490559395
3608729573
1253265361
3648341862
2582680777
1276230530
2627641582
3634798263
3711964041
3790706723
3790706723
1497087080
2014117191
2673695581
1985584935
1968545540
3307780062
1640601392
1728493520
1961594843
1639483893
2627641582
3119702617
1675316191
2910902741
3598612277
1364790333
2527834781
2878534520
2292021850
2257232927
3517105051
1664971205
3822664494
1819048305
2481766125
2097152664
2014117191
2113506964
1050717372
3800344638
1841389114
2714484743
2389741883
3798461597
2719924303
3064903007
2418523232
1708983162
3820869989
2673596451
2624515565
1428322425
2032615823
2104296815
2311314752
2139662550
3787910627
1895354102
2108696333
3167675642
1465026263
2174229543
3535435020
2406425541
1665027561
1738545327
3196200252
3162712792
2160770190
2014117191
2234026354
3822742788
1368354162
2690234571
1824973743
1705443243
2514209602
2834889785
3266007192
1664971205
2388379705
1851773590
1288800374
1923229263
3549916270
1937970942
3174677640
1732724694
1242108340
2396565364
1793388873
1763219201
2602992244
1791243327
1908653214
2950215870
1797267973
2120118184
2794171862
3517872760
2002598524
2342921233
2518828284
3676691812
2498857260
2267327910
2632944191
2267327910
3266252454
2032571865
2262812962
3195589211
3266252454
1158943364
1732570000
2097152664
2656274875
1673450172
2647312881
2611474284
3190394390
3517872760
1307309734
1746473572
2389741883
2506847030
1257206100
2311314752
2097152664
3278256467
2139773580
2704497861
2611953684
1265787583
1664971205
2097152664
1871699693
3814961749
1961594843
1580275663
3126158247
1674662991
2265865670
1706480827
1767863752
2873039184
2729096334
3278256467
1952774397
3179009110
1291444755
3210807793
2331657024
1797237480
1291444755
3115815105
2140887795
1793285524
2913790041
1075975204
2720331253
3193977752
1970421750
2274592282
1664971205
2113506964
3563327600
3547367272
1913791910
2518828284
2704485871
2673596451
1400718821
1958132051
3033807325
1669960477
3551323713
1644489953
1307309734
2643500911
2097152664
1845988564
1417650237
3812994460
1412253095
3470179050
1673450172
2498857260
2714484743
1314608344
1433402950
2534179960
1663471760
1423906974
1949642231
1862070282
2630758313
1636858944
1765644915
2464494557
1433039047
1854431432
1322692847
2645846213
2637129912
1975852955
1651428902
1699540307
2803301701
1641532820
2006230917
1650111241
1682207150
1958132051
2274778282
1638782947
1750553234
3857848
2588125434
2588125434
2366379491
3077983172
1704819467
1969356157
1966401665
3834745743
2113453924
1497087080
3202573404
2097152664
1069205631
2104639627
1737405175
3173075921
1855968191
1677991972
1640601392
2122506831
2633971765
1686524201
1720962692
2341640582
2657277541
2588125462
2097152664
1787428387
2049389352
1498135555
2768268585
1682190103
1279786880
1314608344
1892445123
1723216063
2656274875
2718055861
1081571604
1768289091
1539128563
1957827780
2417217247
3831967561
2248789552
2405119585
1314608344
1761706472
1719683664
2611492002
2717198801
2055186965
2611492002
1721030600
2611492002
2611492002
3737414127
2797466704
2611492002
2055186965
2153270810
3788195291
2816218530
1718785220
2656274875
3776974263
1314608344
1454794500
1288814951
1970848483
2701708160
3756551782
2294142884
2543184160
3576863700
3811620053
1642088277
1305588094
2265390732
1779826787
1764039493
1650111241
3297162173
1828183230
2656274875
2803301701
2373946053
2803301701
1888946095
1737405175
2809708431
2524688520
3148574237
1018389645
1018389645
2254400655
2364767731
2973524074
2097152664
1709655923
2294026153
3042943510
3774687935
2652811731
3660000430
1936978035
1907621492
3737414127
2900302761
1764949140
2097152664
2987495670
2863585344
1786683757
2187808667
1277897264
2709788541
2896738152
2153838585
3237780802
3472696604
1282628360
3287672304
1817124807
3497621664
2588125462
2612728547
2030799525
1449164104
2881825324
1694543480
1969826473
1797267973
1924312147
3040941774
2137094507
3729568711
2106215690
3094266097
3094266097
2588125434
2642100581
3629900977
1250452627
2588125434
3549200534
1370122893
2128590823
2787909704
3128794917
2150287272
2705262003
3516154964
3042943510
3225582243
1660247301
2588125434
2588125434
1803216030
2153838585
1275772567
3840868647
1018389645
1018389645
2864097787
3042943510
1797267973
2293532401
3204300295
3204300295
1924312147
2457098072
2097152664
1774498791
3094266097
3032509757
3482408975
3783101730
1919677695
2076414941
2076414941
2076414941
3810004856
2182930422
3549200534
3629920454
3473953052
2473316430
1515506954
3813267828
3772816945
3183188974
3094266097
1726290264
1797267973
1642088277
1741514817
1854202091
3486375447
2806989100
1018389645
2466165084
3628360911
1882142222
1140169283
2082968427
2481040373
2260303081
2397298570
3515474770
2797466824
3587075055
2396565364
2803301701
2656274875
1664971205
1400664161
1737650455
1282005885
2656274875
2486829274
3240002672
1741514817
3359845912
1628951200
1638782947
2656274875
1640601392
1640601392
1784473157
1642088277
2429602754
1222605460
1638782947
1069205631
1868452813
2114150347
1822631815
1840765440
1228977142
2371617703
1764452651
1712286820
1662429125
1742566624
2587820062
1736805681
2712514723
1839518922
1569029372
1955799405
2834256503
1033823051
1638782947
1644307977
1231759973
1747343270
1098512281
1739764751
1772939537
1989975487
1907634711
1243679460
2601808260
1432401897
1574561943
1786627211
1848101763
1868644183
3167687524
1680308207
2230539021
2194510112
1735106890
2188109551
2654766962
2641798533
1949669573
1313615142
2494360162
2096994711
1927111607
1742878032
2253091293
1747226091
1943380223
1614944680
2134156574
1234188354
1409737462
1825900965
1855303065
1908945275
1526864705
1806885641
2258244385
2117107764
1425551631
1726896602
1638547484
1406868343
1868628341
1153504035
1736290602
2496897052
1874378820
1102954002
2025721757
2651731642
1925272337
1646570737
1741472374
1712631532
1592278451
1342002822
1776037565
1821073965
2044552743
2040505173
2107688591
2495571902
1677005043
1183570591
2290802711
1897828860
1697359591
1941781267
3037210380
1650977512
2043949445
1095072564
1864315290
2684769111
1881096255
1697359591
3091482391
1909476417
1604794302
1899435307
1671362863
2714904343
1763633927
2034112754
1155813151
1793432323
1846871992
1852562215
1768823684
1798442145
1300891463
2798394004
1458413170
1063965321
1851434695
1739525504
1869689365
1664457301
1678473232
1880846233
1307061914
1825589404
2330713873
1643338942
2215756025
1861791293
1583966387
1736771570
1250636273
1812065847
1920392115
1648737174
1696444862
1421756217
1932401402
1946237515
1889690940
1434816413
1254078250
1095925621
3475447464
1506073117
1830195947
1913736757
1824293864
1341851165
1847131135
1676633973
2736727265
2429253287
2686081533
1295479025
1247392617
1908167355
1432896924
1756941271
1547844853
1826741057
1908285533
1794392292
2447358182
1955115643
1788842135
2679184041
1234577122
1427360963
1556230122
1679880040
1927875411
1738611402
1784970295
1343226320
1701888092
1887713594
1656198205
1834542437
1672515344
2817258610
1929704411
1247826815
2556434003
1707665793
1428089842
1789421401
1792499887
1179381394
2370940891
1781030823
1677891384
1911746441
1843115784
2014672292
1666977037
1827259780
1407228433
2131526695
1662126100
1442797985
1552748670
1993020983
1644783600
1965563743
1670305104
1959351697
1674393574
2434991434
1552704875
1434816413
1832792893
1758933091
1734619262
1438846233
1921518045
1722140823
1767295047
1751001561
1921518045
1726774491
1871604912
3847538536
1984736390
1671373705
1668620472
2149355695
1749037280
1698233740
2728394087
1752603133
1843974293
1975123977
2420190807
1309616837
1600467480
2081680603
1770997040
1148333293
1845249180
1702094003
1335074257
1228414204
1698233740
1045957902
2230731735
2057869285
1915181971
1703054852
1779793103
2285987142
2537306674
1462284731
1833284912
1250337037
1672589787
1922726253
1740488373
1746440127
1406606027
1882955382
1955840227
2971926162
1805476463
2034331890
2248183064
1454538253
1180213752
1888467803
2198170412
1109754062
1813256377
13617362
1650478472
1710154723
1836751774
1287706351
1151567031
1879495221
2046833681
2470644504
2173466094
1409095744
1905215431
2096482321
2391199533
2107343475
1029844762
2118674322
1951875385
2825876933
1232245881
1871373112
1763830884
1381124082
1879319213
2176028843
1751828785
1478541135
1934359763
2282494591
1443466307
1450999670
2129183791
1012864350
1736312552
1824495140
1899689483
1798879107
1562826200
1756445795
2010737241
1050579767
1779936757
1409142631
1598580865
1803931951
2675418793
1745685890
2669025075
1550897143
1439497251
1528677523
2501142844
1815175735
2386328895
1690162600
1756543605
2538837092
2200814614
2040226371
3215879374
1395424857
1893214364
2934238900
1321646504
2012213294
2831718532
1678154800
1644272034
1365428280
1394507384
1678484331
1821367585
2355928877
1678962890
1750680051
1717740302
2100937787
2289246620
1161383814
2499281237
1265519590
1839489763
1269465587
2856892870
1802372542
1702897481
1225866934
2091612827
3211098380
2406511367
2175867890
1878028613
2998051772
1733597037
2462743262
1738527900
1568852385
1703961574
1820805713
1306244577
1742882507
1766201707
2109686031
2367402212
2894590995
2001039977
2076378801
1784300352
1896842281
2376806410
2710535520
1960458963
1751128921
2266417420
1786239585
1772593310
2348629704
1926753152
1971205141
3034846897
1278389201
2127748704
1941183967
1920996381
1395339581
1785432924
1697198517
1849514985
1828184255
1872904761
1465187335
1762397853
1711153084
1905409937
1664322490
1769233312
1529507932
1979284484
2133649852
2418368943
2385862405
1891646432
2543688534
1818719775
1633121681
1465385875
1218268292
2428793022
1736797632
1663571003
2052663117
2137782625
2367278080
3208808942
2694274200
1660333633
1073584331
1698036842
1834660324
1752881774
1483904313
1409714140
2821063531
2368301133
1884882834
2832714204
1273209843
1699702370
2705276891
1444124697
1557730151
2004809523
1903479793
1794853734
1089166637
1747372542
1406732582
2127159463
2092491604
1589559387
1225524580
1907541137
1661741907
2169292837
1829969917
1757005373
1654842084
1869636550
1825709532
1060540331
2519973604
1231575301
1964668237
1823276795
1763118632
1454822933
1802735631
1762621644
2824127825
1892489942
2042286445
1929272467
2685499043
1840231612
1408036801
1796369563
1836906970
1936123572
1853973405
1873757447
1266708271
1783542937
1911872623
2197899174
1739164467
1726864124
2567203194
1710128457
2040083515
1787781552
2166084877
1083894767
1447351361
1743889111
1183056655
1764249282
3244753217
2615959641
2105894324
1993407697
1447351361
1765792127
1802303712
2106058745
1463633777
1133591847
1729517892
1883324720
1928992863
1456506361
1781367033
1825712894
1775109112
1495809691
1905860931
1885099210
1197856323
2092841291
1963987175
1736436835
1645197540
2025548305
1734465712
1764812134
1588573844
1663007684
1231759973
2669101132
2778248542
1833171693
1598234961
1283155532
1863117443
2507804242
1850925393
1639541480
1783902604
2649516654
1714455751
1460325854
1746433621
1666265605
2202062667
2189824981
2153969343
2036367427
1855146115
2282605342
2139042005
2363989572
2933564884
1826063411
3276443121
1462706432
1952833030
1829230273
1737920225
1824645041
1869992345
1781983193
1847664091
1326840481
1863753601
2031943433
1300201161
1690047220
2272892524
1882134690
1256552424
1903539283
1881417901
3050579525
1797692360
1793091521
2339602725
1455710517
1807071700
2215449577
1929725411
2124376883
1785978675
2134073924
1840641965
2011898057
2690383633
2177385304
1744384295
2264769864
1874008264
1769023813
1892384430
1822931475
2473921532
1529041237
1769023813
1662942003
1731309190
1840222801
2013743363
1742881530
1747231802
1880592402
1644550841
1241599431
1775590791
1822830854
2010483681
1867690745
1048704890
1838250377
2676018101
2945585155
2146673715
1082681067
1587427170
1930382215
2793711754
1791812693
1897848912
2171943994
1278506023
1076697570
1572955170
2203132705
1867003355
2120010594
2407859795
1645038952
1704367380
1337189880
2142940165
1960510047
1948555293
1348629321
1805568131
2146879174
1612079457
1247776507
1632761900
2328178463
3263922801
1266823775
1096696667
1745379457
2150306304
1253896815
1652638102
1750138707
1846845223
2438766172
1584473172
2119175425
1971116497
2012592690
1243901400
1749310020
1731577980
1880625444
3234430842
1725705160
1804295484
1768839872
1901054383
1657756830
1957713587
1739244570
2569242392
1935630005
1651159550
1749873703
1421466144
1266533165
2680647224
1472681750
1878269275
1239755584
1810406727
1881603181
2278157270
1892025507
1894345703
1964895787
1038168210
1830956831
1902885891
2315317850
1800312167
2557017132
2161781800
1858342302
1882630933
2236821447
1694178135
1677686934
1629066097
1852615783
1792526857
3815793468
1296450567
2154266134
1768771514
1728912473
2565151391
1971266025
2454553525
1348958242
1692853305
1438652997
1733410024
1630105694
1936854485
1829916274
1435921587
1839446384
2469448370
1757370305
1899456877
1717923402
1720349185
1934250431
1864119507
2063281267
1761293980
1604128252
1620638955
1733723947
1800288291
2719954253
1961598467
2502574163
2931553730
2129959047
1670150482
1272798993
1894088355
1730942495
2710095843
1770202893
1761985590
2350410075
2138574254
1627352831
1996277464
1882549005
1769396822
2681329544
1264443172
2113257813
1890996577
2003808391
1738141302
1904264915
1829957165
1695764065
2519235841
1892559261
1594134152
1842816812
1745481623
1247165901
1752567594
2918605177
2027138352
1611516561
1832228291
2134253282
2285594611
1846407361
1642294753
1935472805
2785857654
1860624634
1660325312
1733524590
1865709547
1714285783
1980911811
1321819915
1760168321
2767829025
1050544244
2308451935
1408687715
1898265554
1676010601
1641224021
1310249253
1242961985
2568397577
1840384322
1881836932
1617093637
3165340932
1794492320
1934822685
1758131703
1748687483
2931982593
1794976741
1934654402
2251706385
2767829025
2115616167
1765258390
2036358342
1994596595
1236922097
2014578825
2423560400
1790403541
1736483314
1743050984
3269859333
1959701853
1247986081
1773282791
2219270130
2201209862
1678502807
2579969520
1930388957
1173662625
1930388957
2323787265
3843032125
1797246932
2683134191
1270681437
2623994093
1828796600
1774818671
1210741510
1864589365
1973589075
2022996860
2841464453
1867881252
1847470337
2300457200
2773584072
2773584072
2001612750
1417595771
1684917652
1242340827
1756594015
2330908282
2247760872
2449047055
1136046512
1771943941
3193269472
1672836190
1960924760
1878483901
2597727852
2165494393
1087351083
1710903002
2099382535
1775299720
1743976315
1907743107
2238264603
2008413491
2572338612
2416820175
2190598067
2858611822
2302820087
2721762173
1747936457
1950698755
1656032647
1503006954
1824645814
2811940364
2100924433
2550315300
3754251194
1639429353
1257151001
1641740693
1433701745
1053149264
1649412757
1871739793
1446201867
1796649392
2796785375
1775674781
1771576027
1877651525
1616498253
1670246451
1239472904
1798249687
1834598610
1664696514
2231207357
2020420315
1730403217
1804920111
1861465514
1769885923
1795103950
2013570580
1842964781
1530509057
2091294195
1900507235
1283968161
1873362570
3051323693
1897330741
1912616491
1052115141
1841081713
1740048760
1767718371
1229074732
1475189503
1433290467
2016672600
1444225373
1304344385
1691761292
2124050003
1612752257
1654097907
1449332453
2466919984
1464030700
3227229715
3498499560
3069232831
3628037387
3653600674
1897526130
2804469140
1638782947
1887344341
1751868904
2170282375
2654422864
1696718734
1667493854
2846610635
2271573434
1826577753
1714419810
1961416595
1751685370
1896339025
1565056995
1943569250
2086247471
2092699781
1644509214
1713453681
1978334263
2098929784
2989928110
2854152810
2165640630
1805279194
1416066522
1749223802
1431082514
2429355474
1847138935
1645101450
1823787462
2191311955
1642088277
1465718541
1624392682
1585619071
1877433331
1891852130
1930325743
1644969171
1742702185
2786613370
1885601014
2015750203
1804874951
1965583533
1823985587
1790596553
1917709807
1750511454
1357614260
1907542963
1265020392
1650111241
1829200405
1774181624
2425448273
1431850097
1709157165
2803301701
1251372271
2803301701
3184190717
1803796283
3025126813
1235693352
3640127507
1296520662
2345156312
3427680702
1646270104
2782780397
3748758633
1924011973
3872684406
2825664821
2689207430
3213706384
3499010893
1642326133
1853522993
2617550713
1640601392
2256841532
2704048113
1646068663
1211710022
3846985071
3899182931
2302591120
1442854844
3219241722
1833481101
1968863541
2504747281
3740936710
3265094801
2250065700
2040612271
1863369745
2243807243
2319087645
2461535184
1279973825
1284297717
2691698761
2097152664
1961594843
2152232780
1256881121
1642512402
1974479903
1195771187
3202857204
3418132444
1609343665
1195771187
3899182931
3820384328
1633234053
1769787285
3206516993
3206516993
3891426984
2255869682
2147157147
3212252784
2594986464
3782701083
1635777440
1025591260
1993891777
1970951621
2709577332
2257586081
1254134135
2172933182
1937659900
2108989215
3229125510
3740936710
3810658607
3682104845
2710558722
3908489220
1579968201
3239491203
2945085993
3640127507
2309192883
2318496727
1909786532
2742216432
1707636922
3109534387
2062259834
3007881280
1651428902
1644489953
2011679670
1885341850
3825631006
1761974632
2720119245
1777614115
2076623241
3518907270
2049547641
1973362292
1985777822
1992177423
1920842167
2257586081
2776148751
2510395852
3203193081
3885422160
2515853580
2030597845
3685606070
3733988542
3639818644
3891426984
3560433047
2122021033
3720084880
1883827437
1626002531
1788911247
3161767823
3750730194
3867177249
3891426984
3920718444
1238183433
2734506620
3579075121
3735799181
2620923393
1274603554
1763696394
3877344290
1421357053
3917909192
2653977132
1238027294
3601549597
1750355164
2160208204
1642088277
3540612285
1626570621
3598612890
2937030070
2336323763
3424086862
2780261777
2653727993
2049547641
1258859044
3918595029
1078439865
1805907417
3836897619
3194388594
3326718834
3628283044
3847997367
3898596999
3212252784
2656274875
3179242832
3555617940
2060662823
1292378751
3284448657
3640056014
2810373291
1725769121
1819469031
2204484892
2248503810
2344268762
1664971205
2488374093
2872424177
1411778632
3817200179
1787759310
2097152664
3891426984
3768714963
2597368490
1288800374
3204817390
3223141314
1792751642
1527462160
1980945285
2708656735
1746911172
2118330001
3042107997
1961594843
1218872727
1697721065
2156047701
1401399733
3007881280
1978006124
3781514807
2900302761
1664971205
2803301701
1195771187
2145680685
3001346787
2196890302
1169309484
2724873983
2639425851
3912560367
3904991027
3699198195
3905040840
2473316430
1767039002
3876964072
2709577332
1312646441
3010980591
3010980591
1431160512
1642088277
1608601754
1802134113
2651627593
3905359273
3855873747
1622482981
3883478310
2011483125
1774807982
2880805574
2129333237
3209797467
1326617953
2375071555
3219191917
1742566624
2499494870
2733437560
3922795457
1936978035
2012960070
3769133141
1609692965
2214098014
1627165645
1794015852
3809303954
3906420617
2042849783
3273777972
3077401793
3888320744
3238990764
3904822007
2096707961
3764631943
2096707961
1394096184
1423601920
3206849881
3848698465
1814975931
1410943357
3922112458
3734786045
1961594843
1725769121
1799286437
2108989215
2993676910
2735214560
3913862291
1745793533
1740324375
1651576225
3209797467
2116933107
2107280942
3616118020
3682187895
1642591402
1324807075
2097152664
1517196455
1690070277
3033807325
2499115981
1806910767
3562317475
3737538100
2430192762
3672477411
2486857825
3921730119
1610324210
3926810347
1805740143
1701401324
1716664615
2546442114
1842942123
3901975712
3170344795
3563992542
1504170392
2656274875
1847582585
2097152664
1812799262
1038691650
3867222114
1978218884
1238515240
1664971205
2782809607
3554820120
1645755853
1586552647
1594162552
1195771187
1642088277
1860128420
2721168371
2146789905
1893460871
3638340815
3593276971
1553215662
3433059552
2681932553
3806438273
3956625885
3806438271
3401471304
1648637644
1145325201
1699432410
1431791667
2057186691
2539360400
1563229863
1634330645
3196250901
2093558631
1654057601
2013618280
1911216062
1647006307
2354946530
1647006307
3590692611
2785745063
1887790981
1647006307
2785745063
1787920531
2232154897
3864135744
2039772514
1093974672
1796261783
2469799480
1684452940
2558273207
1968863541
2208446650
2835295891
1599226204
1915529831
1910589974
2281534012
2208446650
1638782947
2797980990
1560447765
3280202661
1644489953
5053497314
3366895170
1735047885
3937491661
1275030733
2615417307
2019769347
2644588442
2169538293
1700648435
3183089815
3926731192
2645075382
2526688941
1945722974
3052250943
3431751742
3786886062
1226871303
1873668137
2691494995
1896695250
1796711660
3942326966
3202293031
1675767463
1825793364
2139299014
2354946530
1504333814
3619207260
2097152664
3202293031
5038980157
1849250411
3044746573
3044746573
1801015191
1984861637
2081348791
3142923963
1597664804
2386593815
3502593202
2721801901
1642591402
5054948222
1697246677
2033885763
1037078152
1269240633
2200422921
1651428902
1649469284
2656274875
3048778845
1324690663
2208446650
1845864154
2060729642
5046343206
2948833055
1623587945
1649469284
1828444433
2196085922
3508565954
1968863541
1232415143
2232485357
1288800374
1861370260
3239307817
2792688612
3495070205
3537539865
3883478310
3926982400
5049409562
3926646915
3868744027
3869370151
1683373217
1603589321
5048895532
2720876743
3012512131
2495725415
3913461857
1196045711
1699540307
2834694233
5035816094
1929480375
1702815645
3557470475
3587075055
3587945127
2870547993
3687421322
3616706685
3506357782
1055683824
3557634904
3506357782
2264732312
1775416390
2684030937
2506897454
2624373742
3215221104
1265244455
1367550734
3882302793
2720876743
1748912371
1638782947
1423601920
3974936525
1649469284
5041904225
1581398147
2617883951
1968763303
3926982400
3941390914
5049993622
1819733143
3605385144
3590692611
2286908003
2561717641
3868744027
3868744027
3541679382
2661498252
2257586081
3950080951
3506357782
3506357782
2892795450
2665484041
1307309734
2720876743
2770610290
2097152664
2757727721
1989015782
3173668634
3868744027
1316272153
2887415343
3964211660
3948264763
3948264763
5026141172
3087918685
3337903190
5041895092
1349231735
1394914942
2257586081
3926982400
3877944973
2419711485
1997334043
1683373217
3856462528
2306733045
3244506473
1763980581
1030129323
2785745063
3134230384
3973197646
2039772514
2114150347
3191474502
3248466392
1167165987
2588376897
3619207260
1638781994
2642910310
210058526
2046631477
2941723800
3127266162
1900158511
2595669667
2359964625
2096265344
1112819131
2127245082
1566072721
1682207150
3643053710
1710763511
3484210444
3784194652
2619168543
1305872887
2643967134
1821040131
2420703255
1415309697
1915529831
2656274875
3741464572
2698743822
2870704173
1665017583
2823591242
2627269507
2005680277
3500292715
2993679123
2625453613
3798682212
3868744027
3537031462
3536760383
3868744027
3933993418
5041895092
3701548024
3172817670
2183320047
3929819492
2942809452
3926982400
5046580413
3868744027
3926982400
3868744027
3737414127
3737414127
3926982400
1851875040
3756280782
3196411961
3848369208
5053440630
2129822530
1603589321
2133498620
2133498620
2720876743
2695296151
1253317600
3756280782
1296209285
1753224223
3848369208
5040760228
3687371187
1933497437
1785438852
2796062523
2804469140
1893278624
2795546620
1426281804
2210391775
2210391775
1784473157
2656274875
1784473157
3543716630
1848193851
3418842144
1629483093
3458196250
1338523580
3214770993
3934131024
3852423409
2356298087
2100136343
2257586081
2765784805
2720876743
1924868254
1976048673
2359162503
2191375315
3546627865
2903534355
1942333581
3872578213
3802614506
3855442432
1729134111
1632941982
1338246804
1649159940
1296209285
3122699771
1887790981
1842480733
2863325451
2039772514
2039772514
2039772514
2039772514
2943374257
1712221474
2656274875
2642910310
1721159333
1642904381
3996187690
3557470475
3943888645
3677879011
2130784705
1840362437
2039772514
1104348707
2039772514
2039772514
1602792337
3005880344
1028410180
1737979690
5027819191
2656274875
2949675047
2202073835
2202073835
3700629383
1717833412
2235490967
1808710392
3737414127
2015046795
1234418524
2286908003
2183320047
3926646915
3701548024
3751683890
1866934667
1644948230
1425281951
2356298087
3841028345
3752742443
2233609052
2823591242
1663937380
1244630241
2093364634
1887790981
5049286464
3780417235
3910845100
1603210381
5027643402
3137900991
2286908003
1025333393
2429272481
3869370151
3965778410
3870680177
5019159136
3418842144
1900696085
2765784805
1890243094
2349401331
1890243094
1900696085
2589602754
1976048673
1686684155
2257586081
1737870711
1170921777
1017863144
2275563352
2823591242
3801344077
1814976133
2373003121
3239307817
2823591242
1657401571
2138673897
1725755017
2118330001
1887269961
2478262354
1277679203
1957347804
3794370751
2463196075
3582009502
3209916384
3700346603
3700346603
3700346603
1891474721
3444412872
3097193962
1433402950
1787920531
3921730119
3968985913
1899614945
2011208672
1646191813
3968985913
1394914942
1726290264
2410026774
1402988245
1228918440
3980785808
2609531720
1299896805
5015178321
2548612652
1675620893
2804469140
1583663564
1497799815
1259284814
2804469140
3700346603
1646107667
3700346603
3700346603
1776018047
1112819131
1747461452
2889128911
1686420792
1496825941
1647006307
1156028352
1968205834
1368961974
1408965821
1407331197
1232220931
2768183890
2509559731
1957347804
1822290511
1988752665
3965778410
1497118585
1649159940
1234177791
2620323975
3981329148
1957347804
3914178116
1650111241
3881482959
5056775413
2638227010
2638227010
2638227010
2638227010
2638227010
2638227010
2638227010
3875844627
1748912371
3512458485
3217540085
1653637602
2359162503
1639498782
2573138494
2075611447
3948265651
2984794552
1887790981
3891528694
1887790981
2039772514
1907299487
3281307312
1885876853
5034499238
2447202180
2652776880
1221400493
2257586081
5032786272
2688925603
2659115441
3134230384
1988752391
3733195222
3859853175
2247798535
3960698233
1798281181
3236993721
2116850552
2892795450
3517872294
5052702344
1878723407
2656274875
1976048673
1642904381
3302738810
3236993721
3933340675
2624097835
3888217119
3719602917
1958698754
2213177811
1579773413
1039194624
3215612207
2612369607
2388955087
1641532820
3974936525
1687563533
1887790981
3196950774
1867936902
3134230384
3499526252
3865900528
2039772514
2039772514
2062725870
2231672992
2028810631
1835254597
3894375230
3582009502
2513228987
2632187591
5051790638
3235610035
2453691955
1303153477
2642910310
1497799815
2558273207
1873705944
2642910310
2145953871
2011208672
3302738810
2283406765
1931471573
2803301701
3996187690
1592773611
1665808371
2202380543
2806170583
3798071404
1360116344
3700629383
2822396071
2822396071
2673002184
5043613109
3262232394
1638782947
2656274875
2949675047
1994290493
1098702852
3249761251
3556662461
1642591402
2513773470
1736305802
2257586081
3196411961
2638227010
3910629835
5057570952
2638227010
2638227010
1779233473
1661941097
2720876743
3268769517
3462497260
3747701992
2638227010
3557634904
3960698233
2597135935
3739095673
3934054588
1169859440
1402324311
3886618281
1642030665
5055511163
2638227010
2151103653
1465042921
1662038165
1698823241
1649384057
1854478160
1781409385
2039772514
1878897924
2638227010
2730717207
3547943861
3962157383
1855079694
2725131215
1296209285
2256348954
1408930752
1455643221
2011075080
1881829180
3625461560
2339409273
3945041541
3801344077
2100136343
2318910945
2266564424
2209226872
1667261743
5047334338
5050870092
5050870092
1725755017
1497118585
2239145264
3163626275
1650659977
3860112665
3582009502
3946229801
3950853529
3955498370
2286908003
1966118554
2690782491
1781479935
1586374932
1886349121
1638782947
1224900857
1771597225
2156372723
1433402950
1131510405
1881829180
1402324311
1193210930
1938370632
2755208421
3506327980
2481297950
2843839183
3472993092
2010702970
3880042986
3806590169
5023721380
3218130345
3598557415
5046679800
3672405464
2285532897
1865609052
2402495995
1433402950
1886349121
3700628734
1402988245
1838738460
1891616900
1288814951
3083174881
3949672623
2344961194
2974285400
3582009502
2591279062
2804469140
1457756994
3801344077
2156681073
1628027424
2396330657
1431850097
2831527894
2081296667
3810716456
3905956526
3565407143
3565407143
2460494810
3894472215
3206150394
1713434532
3281307312
2452986117
2418915502
2281873917
2039772514
2264262760
1087393241
2656274875
2870704173
2632566181
3316050935
2857844267
1553057013
1746666550
2404207252
5034744492
3308602745
1642591402
3764135381
2502143763
3811324571
2677059371
2386593815
5063400455
3854899372
1626709804
1630938452
2620245401
1044527073
2590762841
3856462528
2458235505
1834232775
1649378042
5065202573
1199333304
2584132602
1598682744
2188997530
2039772514
2115093454
2258727970
2037428651
3922803436
3968499450
2169116411
2256841532
1461317443
1500634594
1571004563
3508565954
2630285987
1233914052
1934286435
1205273910
1586020044
2686692401
3973307538
2202073835
3921730119
1638782947
2201013287
1193210930
2359162503
5044758935
3677667590
1692854357
5053440630
3854545467
2257586081
3938872707
3907725510
3196411961
3908481846
3868744027
3908481846
2288932534
3262937234
2133498620
1822290511
1496669653
2638227010
1791383323
3543716630
2513773470
5065879935
2720876743
2133498620
5054610456
3934361679
1044846207
2992782477
2552213430
2917684432
2328516855
2270989183
2701708160
3880891807
3204199164
5050870092
3731161421
1098512281
3801188561
2058748582
3763695607
3854410032
1784473157
1787920531
1976048673
2359162503
2258727970
1316272153
1823044740
1692854357
3790977960
1194208914
1644307977
5035362629
1118554555
1693093917
5050424273
3768743082
3965778410
2039772514
1768249682
1222559560
3749743350
1427406340
3673238102
3700628734
1240636693
2992782477
3864135744
3184124993
1573086211
3536599102
3687136783
2973199693
3501842057
1828720802
1997063885
1404238947
1205273910
1302713105
2054609173
1663331204
2720876743
3926472355
5048843872
3196411961
3501842057
3637199222
3513459067
3945041541
1957347804
1974808274
2719433562
2886260354
3627326641
3134230384
2149223392
3986236613
1618051664
1735047885
3502984993
3236993721
2718776024
3700632412
2629584022
3317055014
2680432705
1707314224
3590692611
3676686461
2870322720
1164900601
3590692611
3843317983
3533660394
3950853529
1661609183
2119828572
2208053700
3280219347
2339409273
1658383247
5051734686
3630182652
2100136343
1924868254
3174621581
2258727970
1630824892
3920975636
3087918685
3833059736
2501546414
3022704283
1864311760
1315905092
2257586081
1593217835
3989117461
3587749693
2898391182
2898391182
3559028007
2814436814
1658383247
1721546265
1714490635
1895431523
5060108534
2950089370
2054073325
5015178321
3985857509
1819949511
1711367697
1406903962
1266058190
2662960342
1759600993
2521168474
2521168474
2521168474
2642910310
1214302983
1690858962
2077354623
2277669683
2606841093
2019306787
1874399362
2114831693
1014268115
3918527916
1996028993
1223133483
1501664143
3996187690
2601428591
3183750332
2847656194
1618369061
2176847955
2677950280
3272068100
2042849783
1523064607
2615417307
1314608344
1819949511
2183320047
3205229530
2495725415
3561388894
1610640270
1856404484
1499104401
5041819527
1899424765
1784473157
3922381318
3926982400
3801344077
3770909183
3801344077
3966603041
1787677017
3622067465
2257586081
3622067465
3622067465
1941274914
3188684133
3134230384
1784473157
1584049304
1971751330
2012449544
2354946530
3973244075
3497613510
2938715943
2686692401
2379904910
1731632885
2795546620
5067425439
3786062473
2013618280
3386349804
1269645947
3652370170
2478262354
3687371917
5055448509
3706952270
3071972470
2257586081
2397298570
2397298570
3669140774
3200101933
1743873607
2359162503
2258727970
3982316311
3559028007
1246151574
1974576991
2359162503
1649159940
2782809607
3004461083
3489475200
3220453514
2698696033
1851093717
1477045392
2054792501
1149956613
2606770893
3042809723
3100951961
1915859291
1642088277
2680432705
2039772514
2582124061
2804469140
3911607944
3542191424
3911387294
1634972015
2930744304
1908417784
2656274875
3817060957
2649405435
2490943412
1773518760
2018602497
2803301701
2042849783
3976325330
5050870092
5049942658
2755208421
1881829180
1767496804
2613255411
5060979172
3525929847
3907725510
3887002609
1692854357
5057345028
3910845100
3938872707
1347207915
2720876743
3655777845
2729273811
1974576991
2365137894
2365137894
1985673463
1871724845
1291796862
3612215695
2503845883
3518982353
2648829463
3874106361
1914133045
2704910653
3495642601
3965778410
2386593815
1677422353
3891528694
5043449968
1651428902
1631313595
3552263925
1765738640
3969555969
2257586081
2791244993
2012792550
3882838462
5064844320
1748912371
2648103765
2133458312
3965778410
3865341331
3919024435
2781782312
2100136343
1891616900
1812511057
3783762761
2118791384
3981630827
3703578153
3289635913
3211070572
2010889454
2010889454
1793386987
5051734686
5061781966
3901326504
3965778410
2643508721
2632187591
3846619674
1641532820
2686692401
3874431590
3302663033
1873705944
3087918685
3134230384
1357267045
3167630670
2294230453
3184124993
5064811474
2252683732
3263350211
2647197351
3302663033
1934244297
1735256563
1274113965
3255769010
1288814951
3921730119
3875844627
1649159940
1661026973
5027383734
5043449968
1888384413
2042849783
2318910945
2904371264
1569490617
3239307817
2795546620
2708160121
5055395924
5061837562
5056775413
3907725510
3938872707
5056775413
5067980380
5066305264
3580213281
2946361837
2133498620
2803301701
1098512281
1735047885
3222347992
1456680311
5065830647
5069013175
3533660394
2770934470
3783762761
2941892007
1563942351
3014230671
3662901835
2803301701
2706896955
1749283574
1553215662
2344700452
3088272625
1731986465
3784097370
3972810839
2138673897
1745700317
1899211144
2111506551
3601319617
5051990626
2972717577
2652593002
1714490635
1784473157
3989684914
2693308494
2018602497
3934054588
2264635782
2375085215
3734358730
2638218624
1517892705
1660104957
1911892907
3630182652
2744916240
3801344077
2413548340
1873705944
2606770893
1926619481
3022928477
3221268507
1717672944
3973197646
3883697171
5027391855
2504089700
1586600470
3068001901
2686692401
1891456603
1962864501
3050994277
2342024544
1274113965
2982272573
2252859410
1733524507
1226341152
3051642325
3975584831
1777326535
1805332400
2656274875
5061592629
3858938927
5043449968
2288932534
2936220565
5043449968
3557751272
2744916240
3134230384
1805332400
1665808371
1314608344
1649159940
1893801487
2463128032
5061621932
1891035762
3081823510
5025897802
5036129043
3590692611
1859446170
2188997530
1685310071
1195818302
2717765564
2143278085
3814938504
1655454292
2686692401
3009412921
1663937380
3789050614
2606770893
1257156757
1226668235
2247535704
2991962981
1226341152
1806128454
3507271515
1676706421
1559760790
2690782491
5065834688
3982210312
5043449968
3699240723
1274113965
1644489953
2334169111
1886565934
1548157754
2820407177
3879847085
1180221707
2796062523
3518210472
1644720970
2612900645
2270016910
3921730119
2847656194
3809303954
2030215975
1194948453
1893801487
2656274875
5070439355
1644489953
2202073835
1682486301
3657825977
1045628430
3926646915
1915025597
3501842057
2720876743
3786459802
1974576991
3687325455
2931526012
1787677017
3994182460
3786886062
1851721914
2604697032
2805952107
1744184573
2074644633
2706507185
5055448509
2243807243
1872327940
1465042921
5042312981
2356298087
3163626275
3868744027
2853791917
2941634180
1043313790
1043313790
1778955532
2805952107
2024279627
5065830647
1925449071
5065556774
5064938620
2982957512
1433402950
1296209285
2463121141
3167305545
1916924547
2606770893
1804101701
1414947641
2875066712
1431850097
1986394545
1206462954
3991509646
3919462583
3809303954
5043449968
5065830647
1742944894
3874106361
3721952273
1445882730
1649159940
2947789657
3806199632
1076906592
3806199635
3849818061
1511902911
3140142141
3314972733
2115728404
5065830647
1985102222
3275346424
1194948453
1893801487
1233488674
2524804807
1048297020
1993422650
5065830647
3282409033
1356002801
3146243051
2744916240
1644114654
1907725053
2386187472
2427986090
3546627865
3202293031
1456446397
3443460362
1019549167
1695881691
5053503004
2549228714
1893801487
2430259303
1063700504
2709577332
1742121542
3119760262