0 2.1728 0 0.00060295 0 1.1402 3.5172 0
0 2.3891 0 0.040699 0 1.6784 4.8276 0.12413
0 0 0.0027322 0.34308 0 0.30012 0 0.0097629
0 0.001087 0.14481 0.21887 0 0.089803 0.034483 0.34868
1 0 0.37158 0.33735 0.75 0.12746 0 0.012552
0 0 0.39891 0.31474 0.25 0.06489 0.034483 0.14226
0 0.00054348 0.0054645 0.25746 0 0.26362 0 0.0027894
0 0 0.016393 0.16189 2.75 0 0 0.055788
0 0 0.0054645 0.2246 0 0.24623 0 0.0013947
0 0 1.4617 0.0066325 0 0 0 0.0027894
0 0 0.010929 0.21887 0 0.22016 0 0
0 0 0.035519 0.11908 0 0 0 0.0069735
0 0 0.051913 0.0090443 0 0.015643 0 0.81172
0 0.30924 0.0027322 0.00090443 0 0.037659 0.034483 0.0069735
0 0.27283 0 0 0 0.048088 0.034483 0.0013947
0 0 0.019126 0.090443 0.5 0 0 0
0 0.24891 0 0.00030148 0 0.034762 0 0
0 0.23913 0.0027322 0.0024118 0 0.026072 0.17241 0.0041841
0 0 0.0054645 0.075972 0 0 0 0.018131
0 0 0.0027322 0.07959 0 0 0 0
0 0 0.13934 0.041604 0 0.012167 0 0.030683
0 0 0.038251 0.058788 0 0.0057937 0 0.0055788
0 0.1625 0 0.00090443 0 0.053302 0.068966 0
0 0.16304 0 0 0 0.050985 0.10345 0
0 0.10272 0.021858 0.021103 0 0.064311 0.27586 0.0027894
0 0.1625 0 0 0 0.049247 0.10345 0
0 0.001087 0.12022 0.032861 0 0.0081112 0 0.04742
0 0.15163 0 0.00060295 0 0.046929 0.068966 0
0 0 0.0027322 0.013566 0 0.0017381 0 0.41283
0 0 0.0027322 0.057582 0 0 0 0
0 0.14293 0 0 0 0.038239 0.068966 0
0 0 0.054645 0.088333 0 0.0052144 0 0.011158
0 0.10272 0 0.00030148 0 0.062572 0.10345 0
2 0 0.030055 0.072053 0.25 0.0052144 0 0.020921
0 0.0032609 0.038251 0.064215 0 0.015064 0 0.0041841
0 0 0.043716 0.058185 0 0.026651 0 0.0041841
0 0 0.030055 0.050045 0 0.028389 0 0.039052
0 0.99891 0.0054645 0.18842 0 0.73986 0.96552 0.0013947
0 0 0.4153 0.018089 0.25 0 0 0.026499
0 0 0.021858 0.033464 0 0.0011587 0 0.016736
0 0.0059783 0.0081967 0.05306 0 0.00927 0.034483 0.0013947
0 0 0.0081967 0.060597 0 0.00057937 0.034483 0
0 0 0.016393 0.044619 0.5 0.016222 0 0.025105
0 0 0.016393 0.057281 0 0.0017381 0 0.0027894
0 0 0.0027322 0.059994 0 0 0 0
0 0 0.0027322 0.054567 0 0 0 0.02371
0 0.045109 0 0.0018089 0 0.056779 0.27586 0.0055788
0 0.26141 0.0027322 0.012964 0 0.1686 1.7586 0.019526
0 0 0.027322 0.054266 0 0.0017381 0 0
0 0 0.079235 0.022611 0 0.0034762 0 0.0055788
0 0 0.0054645 0.015375 0 0.0052144 0 0.069735
0 0 0.030055 0.04703 0 0.0057937 0 0.011158
0 0 0.0027322 0.040398 0.25 0 0 0.062762
1 0 0.0054645 0.051251 0 0 0 0
0 0.04837 0.0027322 0.0012059 0 0.041136 0.13793 0.0013947
0 0 0.02459 0 0 0 0 0.22315
0 0 0.032787 0.041604 0 0.0063731 0 0.0069735
0 0.020652 0.0081967 0.0081399 0 0.042874 0.62069 0.0013947
0 0 0.010929 0.046427 0 0.00057937 0 0
0 0 0.019126 0.023817 0 0.029548 0 0.02371
0 0 0 0.027736 0 0 0 0
0 0.036957 0.010929 0.0027133 0 0.038818 0.068966 0.0027894
0 0 0.035519 0.012964 0 0.0075319 0 0.77127
0 0.014674 0.019126 0.018692 0 0.017381 0 0.02371
0 0 0.0027322 0.040096 0 0 0 0
0 0 0.032787 0.021103 0 0.020857 0 0.018131
1 0 0.051913 0.43081 0 0 0 0
0 0 0 0.037383 0 0.00057937 0 0
0 0 0.087432 0.01025 0 0.0023175 0 0.0097629
0 0 0.013661 0.015375 0 0.030127 0 0.015342
0 0.00054348 0.021858 0.026831 0 0.0075319 0 0.011158
0 0.021739 0 0 0 0.017961 0.034483 0
0 0 0.10383 0.021405 0 0 0 0.0083682
0 0 0.0027322 0.01628 0 0.004635 0 0.0097629
0 0.013043 0.0081967 0.010552 0 0.023175 0.068966 0.011158
2 0 0.010929 0.031354 0 0 0 0
0 0 0 0.020199 0 0 0 0
0 0 0 0.020199 0 0 0 0
0 0 0 0.006934 0 0.024334 0 0
0 0 0.0027322 0.025626 0 0 0 0.022315
0 0 0.0081967 0.029545 0 0 0 0.0013947
0 0 0.071038 0.08562 0 0.033604 0 0.018131
0 0.011413 0 0.00060295 0 0.041136 0.10345 0.0055788
0 0 0.0081967 0.015677 0 0.023754 0 0.0027894
0 0.1125 0 0.0012059 0 0.075319 0.27586 0.016736
0 0.00054348 0 0.011155 0 0.0069525 0 0.015342
0 0.14891 0 0 0 0.044032 0.068966 0
0 0 0.0054645 0.027736 0 0.00057937 0 0
0 0 0.040984 0.013566 0 0 0 0
0 0 0.019126 0.023817 0 0.0011587 0 0.0055788
0 0 0.0081967 0.020199 0 0.010429 0 0.0055788
0 0 0.010929 0.024721 0 0.0034762 0 0
0 0 0.090164 0.0039192 0 0.0011587 0 0.012552
0 0 0.010929 0.021706 0 0.0017381 0 0.013947
0 0 0.0027322 0.011155 0 0 0 0.025105
0 0.016304 0 0 0 0.014484 0 0
0 0.0027174 0.013661 0.015978 0 0.0086906 0 0.0097629
0 0 0.0081967 0.014471 0 0.00057937 0 0.0027894
0 0.0021739 0.021858 0.0099487 0 0.015064 0 0.018131
0 0 0.021858 0.019596 0 0.0057937 0 0
0 0 0 0.02442 0 0 0 0
0 0.001087 0.0027322 0.006934 0 0.0057937 0 0.022315
0 0 0 0.023817 0 0 0 0
0 0.025543 0 0 0 0.016222 0.034483 0.0027894
0 0 0 0.016581 0 0.012746 0 0
0 0.00054348 0.0027322 0.015074 0 0.011587 0.068966 0.0027894
0 0 0.010929 0.020802 0 0.00057937 0 0
0 0 0.0027322 0.021706 0 0 0 0.0013947
0 0 0.0027322 0.021706 0 0 0 0
0 0 0.030055 0.0057281 0 0 0 0.02371
0 0.59076 0 0 0 0.078216 0.068966 0
0 0 0 0.020199 0 0.00057937 0 0.0027894
0 0 0.016393 0.01628 0 0.004635 0.034483 0
0 0 0.0054645 0.019596 0 0.00057937 0 0.0013947
0 0 0.030055 0.034368 0 0.044032 0 0.041841
0 0 0 0.0066325 0 0.013326 0 0
0 0.00054348 0.0027322 0.0084414 0 0.012167 0 0.02371
0 0 0.14481 0.0036177 0 0 0 0.0027894
0 0 0.027322 0.015978 0 0.00057937 0 0.0041841
0 0 0.0054645 0.019596 0 0 0 0
0 0 0.0027322 0.012964 0 0 0 0
0 0 0.013661 0.016883 0 0.0028969 0 0
0 0 0 0.013566 0 0.011587 0.034483 0
0 0.080435 0 0.00090443 0 0.034762 0.13793 0.0013947
0 0 0 0.0081399 0 0.0011587 0 0.019526
0 0.019565 0 0.0015074 0 0.013326 0.034483 0
0 0 0 0.0039192 0 0.028969 0 0.0013947
0 0 0.010929 0.017787 0 0.00057937 0 0
0 0 0.0081967 0.0057281 0 0 0 0.027894
0 0 0 0.012361 0 0 0 0.0013947
0 0 0 0.0039192 0 0.015064 0 0.0041841
0 0 0.0081967 0.0090443 0 0.011587 0 0.013947
0 0 0 0.018692 0 0 0 0
0 0 0.0027322 0.018089 0 0 0 0.0013947
0 0 0.0054645 0.006934 0 0.0040556 0 0.012552
0 0 0.0027322 0.012059 0 0 0 0
0 0.013587 0 0 0 0.01854 0.068966 0.0027894
0 0 0 0.018089 0 0 0 0.0013947
0 0 0.0027322 0.018089 0 0 0 0
0 0.019022 0 0 0 0.014484 0.034483 0
0 0 0 0.011758 0 0 0 0.0013947
0 0 0 0.0039192 0 0.012167 0.034483 0.034868
0 0.0021739 0.010929 0.013265 0 0.0040556 0 0.0013947
0 0 0.0054645 0.017184 0 0 0 0
0 0 0.12022 0.0045222 0 0 0 0
0 0 0.0054645 0.015677 0 0.0017381 0 0.0027894
0 0 0 0.017184 0 0 0 0.0027894
0 0 0 0.0066325 0 0.0052144 0 0.011158
0 0 0 0.0030148 0 0.016222 0 0.0013947
0 0 0 0.011758 0 0 0 0
0 0 0 0.0087428 0 0 0 0.013947
0 0 0.035519 0.0078384 0 0 0 0
0 0 0 0.0039192 0 0.026072 0 0
0 0 0.04918 0.011758 0 0 0 0
0 0 0.0027322 0.014471 0 0 0 0.011158
0 0 0.013661 0.0075369 0 0.0028969 0 0.0041841
0 0 0 0.011155 0 0.00057937 0 0
0 0 0.0054645 0.010853 0 0 0 0
0 0.21304 0 0.00030148 0 0.016802 0.034483 0.0013947
0 0 0.0027322 0.015074 0 0 0 0.0069735
0 0 0.010929 0.015074 0 0 0 0.0027894
0 0 0 0.0099487 0 0.0023175 0 0
0 0 0 0.011155 0 0 0 0
0 0 0.010929 0.0081399 0 0 0 0.0083682
0 0 0 0.012964 0 0.004635 0 0.0055788
0 0.0021739 0.019126 0.010853 0 0.0017381 0.10345 0.0027894
0 0.020652 0 0.0015074 0 0.0069525 0 0
0 0.0016304 0.0054645 0.010853 0 0.0081112 0 0
0 0 0.0027322 0.0015074 0 0.0034762 0 0.58577
0 0 0 0.010853 0 0 0 0
0 0.0059783 0 0.00030148 0 0.012746 0 0.0027894
0 0 0 0.010552 0 0 0 0.0013947
0 0 0.0054645 0.16039 0.25 0.048088 0 0.94142
0 0 0.065574 0.039192 0 0.0017381 0 0.012552
0 0 0.040984 0.0048236 0 0.0063731 0 0.015342
0 0 0 0.015677 0 0.00057937 0 0
0 0 0.0081967 0.0045222 0 0.0034762 0 0.039052
0 0 0 0.015375 0 0 0 0.0013947
0 0 0.12022 0.00090443 0 0 0 0.0069735
0 0 0.0027322 0.0081399 0 0.0081112 0 0.012552
0 0.12989 0 0.00090443 0 0.06489 0.10345 0.0013947
0 0 0 0.006934 0 0.0052144 0 0.0027894
0 0 0 0.0090443 0 0.0017381 0 0.0013947
0 0 0.0081967 0.012059 0 0.004635 0 0.0027894
0 0 0.0054645 0.014471 0 0 0 0
0 0.001087 0.0027322 0.013566 0 0 0 0.0027894
0 0 0.0027322 0.0096473 0 0 0 0.022315
0 0 0.0081967 0.013868 0 0 0 0
0 0 0.0081967 0.012662 0 0.0011587 0 0.0027894
0 0 0.0027322 0.014471 0 0 0 0
0 0.0021739 0.0027322 0.0036177 0 0.0057937 0 0.0083682
0 0 0.040984 0.0096473 0.25 0 0 0
0 0.0125 0 0 0 0.012167 0.068966 0.0027894
0 0 0 0.014169 0 0 0 0
0 0.001087 0 0.0042207 0 0.016802 0 0.0027894
0 0 0.0027322 0.011155 0 0.0052144 0 0
0 0 0.0054645 0.012361 0 0.0011587 0 0.0027894
0 0 0 0.013566 0 0 0 0.0027894
0 0 0.0027322 0.012662 0 0.00057937 0 0.0027894
0 0 0.0054645 0.0066325 0 0.011008 0 0.0041841
0 0 0.021858 0.011456 0 0 0 0
0 0.046739 0.0027322 0.0015074 0 0.022596 0.17241 0
0 0 0 0.0093458 0 0 0 0
0 0 0 0.0093458 0 0 0 0
0 0 0.0027322 0.0081399 0 0 0 0.0041841
0 0.0097826 0 0 0 0.0069525 0.034483 0
0 0 0.0081967 0.01025 0 0.004635 0 0
0 0 0.0081967 0.0078384 0 0.0063731 0 0.0069735
0 0 0.0027322 0.013265 0 0 0 0
0 0 0 0.013566 0 0 0 0
0 0 0.0027322 0.013265 0 0 0 0
0 0.0016304 0.054645 0.022309 0 0.015064 0 0.011158
0 0 0 0.013265 0 0 0 0
0 0 0.013661 0.010552 0 0.0011587 0 0.0027894
0 0 0 0.0090443 0 0 0 0
0 0 0.043716 0.0033162 0 0 0 0.0041841
0 0 0 0.0084414 0 0.0011587 0 0
0 0 0.0081967 0.037082 0 0 0 0
0 0.0076087 0 0 0 0.015643 0.068966 0
0 0 0 0.012964 0 0 0 0
1 0 0 0.0075369 0 0.0086906 0 0.0027894
0 0 0 0.012964 0 0 0 0
0 0 0.0081967 0.0078384 0 0.0069525 0 0.0027894
0 0 0.0054645 0.0072355 0 0.004635 0.034483 0.011158
0 0 0.016393 0.03256 0 0.0052144 0 0
0 0 0 0.0084414 0 0 0 0.0013947
0 0 0 0.0084414 0 0 0 0.0013947
0 0.0070652 0 0.00030148 0 0.0086906 0 0
0 0 0 0.012662 0 0 0 0
0 0.00054348 0.0027322 0.0045222 0 0.012746 0 0.0041841
0 0 0.0027322 0.0099487 0 0.004635 0 0
0 0 0.0054645 0.0090443 0 0.0057937 0 0
0 0 0 0.012662 0 0 0 0
0 0 0.0081967 0.011758 0 0 0 0
0 0 0.021858 0.0096473 0.25 0 0 0
0 0 0.0027322 0.011758 0 0 0 0.0013947
0 0.00054348 0.0054645 0.0075369 0 0.0069525 0 0.0013947
0 0 0.0027322 0.011456 0 0.0011587 0 0
0 0 0 0.01025 0 0.0034762 0 0.0013947
0 0.019565 0.021858 0.010853 0 0.017961 0.13793 0.0013947
0 0 0.035519 0.006934 0 0.0017381 0 0.0013947
1 0.00054348 0.0054645 0.0096473 0 0.00057937 0 0.0041841
0 0.0038043 0.010929 0.0024118 0 0.0063731 0 0.012552
0 0 0.084699 0.0024118 0 0 0 0
0 0.0065217 0 0.0021103 0 0.00927 0.034483 0.0041841
0 0 0.0081967 0.0078384 0 0.0052144 0 0.0013947
0 0.00054348 0.0054645 0.0045222 0 0.012167 0 0
0 0 0.032787 0.0021103 0 0 0 0.011158
0 0 0.013661 0.0039192 0 0.0028969 0 0.0055788
5 0 0.013661 0.0033162 0 0.0011587 0 0.0055788
0 0 0.0081967 0.030751 0 0.00057937 0 0.0055788
0 0 0.043716 0.00090443 0 0.010429 0.034483 0
0 0 0.010929 0.01025 0 0 0 0
0 0 0.0027322 0.010552 0 0.0011587 0 0
0 0 0 0.025626 0.5 0.0023175 0 0.020921
0 0 0 0.0078384 0 0 0 0
0 0.0054348 0 0.0081399 0 0.038818 0 0.0013947
0 0 0.0081967 0.0072355 0 0.0023175 0 0.0083682
0 0.001087 0.0027322 0.0048236 0 0.010429 0 0
0 0 0.0027322 0.0072355 0.25 0.004635 0.034483 0.0027894
0 0 0 0.0099487 0 0.00057937 0.034483 0.0027894
0 0.0027174 0.021858 0.0042207 0 0.0057937 0 0
0 0 0.0054645 0.0093458 0 0.0023175 0 0
0 0 0.016393 0.0087428 0 0.00057937 0 0.0013947
0 0 0 0.006934 0 0.0081112 0 0
0 0.00054348 0.0027322 0.0048236 0 0.0098494 0 0.0027894
0 0 0.0027322 0.006934 0 0.0052144 0 0.0055788
0 0.016304 0 0.085921 0 0.15759 0.068966 0.087866
0 0 0 0.010853 0 0 0 0
0 0 0.0027322 0.0090443 0 0.0011587 0 0.0041841
0 0.0059783 0 0.00060295 0 0.012746 0.034483 0
0 0.00054348 0.030055 0.0027133 0 0.0075319 0 0.0027894
0 0 0.04918 0.0048236 0 0 0 0.0027894
0 0 0.010929 0.02442 0.75 0 0 0.016736
0 0 0 0.0039192 0 0.004635 0 0.0055788
0 0 0.0027322 0.006934 0.25 0 0 0
0 0 0.0027322 0.0072355 0 0 0 0
0 0.0038043 0 0.00060295 0 0.0057937 0.034483 0.0069735
0 0 0.013661 0.0075369 0 0.0028969 0 0
0 0 0 0.01025 0 0.00057937 0 0
0 0 0.032787 0.006934 0 0 0 0
0 0 0 0.0060295 0 0.00057937 0 0.0041841
0 0 0.0054645 0.0027133 0 0.0023175 0 0.012552
0 0 0 0.0072355 0 0 0 0
0 0 0.013661 0.0057281 0 0 0 0
0 0 0 0.006934 0 0 0 0.0013947
0 0 0 0.00060295 0 0.017961 0.034483 0
0 0 0.0081967 0.0093458 0 0 0 0
0 0 0.0027322 0.0081399 0 0.0017381 0 0.0041841
0 0 0 0.0051251 0 0.00927 0 0.0013947
0 0 0.0081967 0.0093458 0 0 0 0
0 0 0 0.0084414 0 0.0017381 0 0.0041841
0 0 0 0.0099487 0 0 0 0.0013947
0 0.014674 0.0027322 0.012662 0 0.012167 0 0.0013947
0 0 0.010929 0.019295 0 0.0069525 0 0.013947
0 0.010326 0 0.00090443 0 0.0057937 0.034483 0
0 0.0092391 0 0 0 0.0034762 0 0
0 0.00054348 0 0.0066325 0 0 0 0
0 0 0 0.006934 0 0 0 0
0 0 0 0.0057281 0 0.0023175 0 0
0 0.00054348 0 0.00060295 0 0.010429 0.034483 0.0013947
0 0.44348 0.027322 0.021706 0 0.42816 1.6552 0.04742
0 0.0027174 0.010929 0.018692 0 0.0081112 0 0.0027894
0 0 0.0081967 0.0057281 0 0.0034762 0 0.0055788
0 0 0 0.0087428 0 0.00057937 0 0.0027894
0 0.0016304 0 0.0021103 0 0.00927 0 0.0083682
0 0 0.0054645 0.0075369 0 0.0011587 0 0.0041841
0 0 0.010929 0.0021103 0 0.012167 0 0
0 0 0.043716 0.017184 0.25 0.0057937 0 0.0013947
1 0 0.0027322 0.02442 0 0 0 0
0 0 0.0054645 0.0036177 0 0.0034762 0 0.0027894
0 0 0.016393 0.0033162 0 0.00057937 0 0.0055788
0 0 0.0054645 0.0042207 0 0.0023175 0 0.0027894
0 0.0086957 0 0 0 0.0034762 0 0
0 0 0.0081967 0.0036177 0 0.0011587 0 0.0069735
0 0 0 0.0090443 0 0 0 0.0013947
0 0 0.0054645 0.0075369 0 0 0 0.0055788
0 0 0.0054645 0.0087428 0 0 0 0
0 0 0 0.0057281 0 0.0057937 0 0.0027894
0 0 0.0027322 0.0072355 0.25 0.0028969 0 0
0 0 0.0027322 0.0084414 0 0.0011587 0 0
0 0 0 0.0051251 0 0.0081112 0 0
0 0 0.0081967 0.020199 0 0 0 0.015342
0 0 0.027322 0.015375 0 0.0081112 0 0.0069735
0 0 0.021858 0.017787 0.25 0.0040556 0 0.0069735
0 0.0016304 0.0054645 0.0030148 0 0.0057937 0.034483 0.0055788
0 0 0 0.0090443 0 0 0 0
0 0.010326 0 0.0012059 0 0.0040556 0 0
0 0.0027174 0.0054645 0.0060295 0 0.0011587 0.034483 0
0 0 0.0054645 0.0078384 0 0.00057937 0 0.0013947
0 0 0.0081967 0.0081399 0 0 0 0
0 0.0065217 0 0.0021103 0 0.0052144 0.068966 0
0 0.001087 0 0.0033162 0 0.0069525 0 0.0069735
0 0 0 0.0090443 0 0 0 0
0 0 0.010929 0.014169 0 0.011008 0 0.011158
0 0 0 0.006331 0 0 0 0
0 0 0 0.006331 0 0 0 0
0 0 0 0.006331 0 0 0 0
0 0 0 0.0036177 0 0.004635 0 0.0013947
0 0 0.0027322 0.0042207 0 0 0 0.58717
0 0 0.019126 0.017486 0.25 0 0 0.013947
0 0 0.0027322 0.0060295 0 0.004635 0 0
0 0 0.016393 0.006934 0 0 0 0
0 0 0 0.0087428 0 0 0 0
0 0 0 0.006331 0 0.0023175 0 0.0055788
0 0 0 0.0081399 0 0 0 0.0027894
0 0 0.0081967 0.0075369 0.25 0 0 0
0 0 0 0.0084414 0 0 0 0.0013947
0 0.0038043 0.0027322 0.0048236 0 0.0023175 0 0.0013947
0 0 0.0027322 0.0072355 0 0 0 0.0055788
0 0.00054348 0 0.00060295 0 0.013326 0.068966 0
0 0 0.0081967 0.0075369 0 0 0 0
0 0 0 0.0066325 0 0.0034762 0 0
0 0 0 0.0084414 0 0 0 0
0 0 0.010929 0.006934 0 0 0 0.0013947
0 0 0.0027322 0.0072355 0 0.0011587 0 0.0013947
0 0 0.013661 0.0057281 0 0.0011587 0 0.0027894
0 0 0.043716 0.0024118 0 0 0 0.0055788
0 0 0.0081967 0.0048236 0 0 0 0.0013947
0 0.0070652 0 0 0 0.0034762 0 0.0013947
0 0 0.040984 0.0012059 0 0 0 0.0013947
0 0 0.019126 0.0021103 0 0 0 0.0083682
1 0.001087 0.013661 0.013566 0 0.011008 0 0
0 0 0.0081967 0.0072355 0 0 0 0
0 0 0 0.00030148 0 0.014484 0 0.0013947
0 0 0.0054645 0.0048236 0 0.0028969 0 0.0055788
0 0.0021739 0.0081967 0.0024118 0 0.0063731 0 0.0013947
0 0 0.013661 0.0066325 0 0 0 0
0 0 0 0.0081399 0 0 0 0
0 0 0.0054645 0.0075369 0 0 0 0
0 0 0.14208 0.050045 0.5 0.0069525 0 0.0097629
0 0 0.013661 0.010552 0 0.012746 0 0.0083682
0 0 0.0027322 0.031957 0 0.014484 0 0.0055788
0 0 0.010929 0.0033162 0 0.00057937 0 0.0041841
0 0 0 0.0057281 0 0 0 0
0 0 0 0.0039192 0 0.0034762 0 0
0 0 0.0027322 0.0042207 0 0.0017381 0 0.0013947
0 0 0.0027322 0.0033162 0 0.00057937 0 0.0083682
0 0 0 0.0057281 0 0 0 0
0 0 0 0.0057281 0 0 0 0
0 0 0 0.0072355 0 0.00057937 0 0.0013947
0 0.0059783 0 0.00030148 0 0.0081112 0 0
0 0 0 0.0078384 0 0 0 0
0 0 0 0.0075369 0 0.00057937 0 0
0 0 0.0081967 0.006934 0 0 0 0
0 0.00054348 0.0054645 0.010853 0 0.0086906 0 0.015342
0 0 0.010929 0.017486 0 0.00057937 0 0
0 0 0.0081967 0.017486 0 0 0 0.0027894
0 0 0 0.018993 0 0 0 0
0 0 0.18033 0.015677 0 0.0040556 0 0
0 0 0 0.0057281 0 0.0017381 0 0.0041841
0 0 0 0.0066325 0 0.00057937 0 0.0027894
0 0 0 0.0075369 0 0 0 0
0 0 0 0.0075369 0 0 0 0
0 0 0 0.006331 0 0 0 0.0055788
0 0 0 0.0075369 0 0 0 0
0 0 0.0054645 0.006934 0 0 0 0
0 0 0.0027322 0.0054266 0 0.0034762 0 0
0 0 0.013661 0.0054266 0.25 0.00057937 0 0
0 0 0.013661 0.0051251 0 0.00057937 0 0.0027894
0 0 0 0.0075369 0 0 0 0
0 0 0 0.0075369 0 0 0 0
0 0 0.0027322 0.0072355 0 0 0 0
0 0 0.019126 0.0042207 0 0.0023175 0 0
0 0 0.013661 0.0054266 0 0.0011587 0 0
0 0 0.0054645 0.0054266 0 0.0028969 0 0
0 0 0.016393 0.0057281 0 0 0 0
0 0 0 0.0075369 0 0 0 0
0 0 0 0.0075369 0 0 0 0
0 0 0.0027322 0.0051251 0 0 0 0
0 0 0 0.0054266 0 0 0 0
0 0 0.013661 0.0024118 0 0.0011587 0 0.0041841
0 0.00054348 0 0.0051251 0 0 0 0
0 0 0.0054645 0.0048236 0 0 0 0
0 0.0043478 0 0.00030148 0 0.0040556 0.068966 0
0 0 0.0027322 0.0066325 0 0 0 0.0013947
0 0 0 0.00030148 0 0.012746 0 0.0013947
0 0 0.013661 0.0057281 0 0 0 0
0 0 0 0.0072355 0 0 0 0
0 0.0027174 0 0.0024118 0 0.004635 0.034483 0.0027894
0 0 0 0.0072355 0 0 0 0
0 0 0 0.0018089 0 0.010429 0 0
0 0 0.0054645 0.0045222 0 0.0040556 0 0
0 0 0 0.0054266 0 0.0034762 0 0
0 0 0.0027322 0.0039192 0 0.0057937 0 0
0 0 0 0.0072355 0 0 0 0
0 0 0.019126 0.067832 0 0.035342 0 0.0027894
0 0 0.0054645 0.033765 0 0 0 0
0 0 0.0027322 0.0033162 0 0.00057937 0 0.0055788
0 0 0 0.0051251 0 0 0 0
0 0 0 0.0018089 0 0.0057937 0 0.0013947
0 0 0 0 0 0.0098494 0 0
0 0.00054348 0.027322 0.0015074 0 0.00057937 0 0
0 0 0 0.0051251 0 0 0 0
0 0.0054348 0 0.00030148 0 0.0034762 0 0
0 0 0 0.0051251 0 0 0 0
0 0.00054348 0 0.0024118 0 0.0069525 0 0.0027894
0 0 0.0027322 0.0048236 0 0.0023175 0 0.0027894
0 0 0.0027322 0.006331 0 0.00057937 0 0
0 0 0.019126 0.0042207 0 0.0011587 0 0
0 0 0 0.0054266 0 0.0023175 0 0.0013947
0 0 0.0027322 0.0066325 0 0 0 0
0 0 0 0.0066325 0 0 0 0.0013947
0 0 0 0 0 0.013326 0 0
0 0.0076087 0 0.00030148 0 0.004635 0 0
0 0 0 0.0066325 0 0 0 0.0013947
0 0.0016304 0 0 0 0.011587 0 0
0 0.0081522 0 0 0 0.0040556 0.034483 0
0 0 0 0.006934 0 0 0 0
0 0.011413 0.0054645 0.0045222 0 0.00927 0 0.0027894
0 0 0.010929 0.013868 0 0.0023175 0 0.0013947
0 0 0.0027322 0.01628 0 0 0 0
0 0.0021739 0.060109 0.0093458 0 0.025492 0 0.0055788
0 0 0 0.01025 0 0.0075319 0 0.0097629
0 0.0070652 0 0.00030148 0 0.004635 0 0
0 0 0 0.0042207 0 0.0023175 0 0.0055788
0 0 0.0027322 0.0036177 0 0 0 0.012552
0 0 0 0.0051251 0 0.0011587 0 0.0041841
0 0 0 0.0057281 0 0 0 0.0041841
0 0 0 0.0066325 0 0 0 0
0 0 0 0.0066325 0 0 0 0
0 0.00054348 0.016393 0.0012059 0 0.0063731 0 0
0 0 0.0027322 0.0060295 0 0 0 0.0013947
0 0 0.0027322 0.006331 0 0 0 0
0 0 0.0081967 0.0033162 0 0.0011587 0 0.0083682
0 0 0.0027322 0.006331 0 0 0 0
0 0 0.0027322 0.0060295 0 0 0 0.0013947
0 0 0 0.006331 0 0 0 0.0013947
0 0 0 0 0 0.012746 0 0
0 0.0081522 0 0.0057281 0 0.0098494 0 0.0027894
0 0 0 0.0030148 0 0.0017381 0 0.0041841
0 0 0 0.0045222 0 0 0 0.0013947
0 0 0.013661 0.0033162 0 0 0 0
0 0 0.0081967 0.0027133 0 0 0 0.0055788
0 0 0 0.0048236 0 0 0 0
0 0 0 0.0057281 0 0 0 0
0 0 0 0.0027133 0 0.0040556 0 0
0 0.0065217 0 0 0 0.0023175 0 0
0 0 0.0054645 0.013868 0 0.0011587 0 0.0013947
0 0.00054348 0 0.029545 0.25 0.074739 0.034483 0.020921
0 0.00054348 0.0081967 0.0030148 0 0.0040556 0 0
0 0 0.0027322 0.0039192 0 0.0023175 0 0.0041841
0 0 0 0.006331 0 0 0 0
0 0 0 0.0051251 0 0 0 0.0055788
0 0 0.019126 0.0030148 0 0.0017381 0 0.0013947
0 0.0054348 0 0 0 0.0052144 0.068966 0
0 0 0 0.0042207 0 0.0040556 0 0
0 0 0.0054645 0.0051251 0 0.0011587 0 0
0 0.0076087 0 0.00030148 0 0.0034762 0 0
0 0 0 0.0033162 0 0.0057937 0 0
0 0 0.0027322 0.0060295 0 0 0 0
0 0 0 0.006331 0 0 0 0
0 0 0.013661 0.010853 0 0.0011587 0 0.0097629
0 0 0.0027322 0.0042207 0 0.01854 0 0.0013947
0 0 0.013661 0.006331 0 0.0086906 0 0.0097629
0 0 0 0.014471 0 0 0 0
0 0.013587 0 0.0018089 0 0.00927 0 0.0013947
0 0.001087 0.0054645 0.030449 0 0.026651 0 0.0013947
0 0 0 0.053964 0.25 0.014484 0 0.027894
0 0 0 0.0024118 0 0.0028969 0 0.0027894
0 0.0048913 0 0 0 0.0034762 0 0
0 0 0.021858 0.0021103 0 0 0 0
0 0 0 0.0048236 0 0 0 0
0 0.0038043 0 0 0 0.004635 0 0
0 0.0021739 0.0054645 0.013566 0 0.01854 0 0.011158
0 0.0054348 0.0054645 0 0 0.0040556 0.034483 0
0 0 0.0027322 0.0051251 0 0.00057937 0 0.0013947
0 0 0.0027322 0.0054266 0 0 0 0.0013947
0 0 0.0081967 0.0027133 0 0.00057937 0 0.0097629
0 0 0 0.0030148 0 0.0057937 0 0
0 0.001087 0 0.0048236 0 0.00057937 0 0.0013947
0 0 0 0.0060295 0 0 0 0
0 0 0.010929 0.0039192 0 0.0011587 0 0.0013947
0 0 0.021858 0.0027133 0 0 0 0.0041841
0 0 0 0.0021103 0 0.004635 0 0.0069735
0 0 0 0.0060295 0 0 0 0
0 0 0.0054645 0.0030148 0 0 0 0.011158
0 0 0 0.0060295 0 0 0 0
0 0 0 0.0060295 0 0 0 0
0 0 0 0.0057281 0 0 0 0.0013947
0 0.0016304 0.0027322 0.0021103 0 0.0052144 0 0
0 0 0.054645 0 0 0 0 0
0 0 0 0.0060295 0 0 0 0
0 0 0 0.0060295 0 0 0 0
0 0 0.0027322 0.012059 0 0.0023175 0 0.0027894
0 0 0.0027322 0.0093458 0 0.004635 0 0.0083682
0 0 0.0054645 0.0075369 0 0.0075319 0 0.0083682
0 0 0 0.012964 0 0.0011587 0 0.0013947
0 0 0.021858 0.006331 0 0.0081112 0 0.0041841
0 0.001087 0 0.015978 0 0.017381 0 0.0013947
0 0 0.010929 0.00090443 0 0.0069525 0 0
0 0 0.0054645 0.0051251 0 0 0 0
0 0 0.0054645 0.0051251 0 0 0 0
0 0 0 0.0045222 0 0.0017381 0 0.0013947
0 0 0 0.00030148 0 0.0098494 0.034483 0
0 0 0 0.0024118 0 0.0063731 0 0
0 0 0.051913 0 0 0 0 0
0 0 0.010929 0.0027133 0 0.0028969 0 0.0013947
0 0 0 0 0 0.011008 0 0
0 0 0.021858 0.0024118 0 0.0011587 0 0.0013947
0 0 0 0.0045222 0 0.0023175 0 0
0 0 0 0.0054266 0 0.00057937 0 0
0 0 0.0027322 0.0021103 0 0.0057937 0 0.0013947
0 0.0043478 0 0 0 0.0040556 0 0.0055788
1 0.0016304 0.38525 0.35484 0.75 0.13731 0 0.018131
0 0.17391 0.032787 0.010552 0 0.10139 0.17241 0.013947
0 0 0 0.0018089 0 0.0034762 0 0.0027894
0 0 0.0027322 0.0030148 0 0.0017381 0 0
0 0 0 0.0027133 0 0 0 0.0069735
0 0 0.0054645 0.0018089 0 0 0 0.0083682
0 0 0 0.00030148 0 0 0 0.018131
0 0 0.0081967 0.0033162 0 0 0 0
0 0 0 0.0030148 0 0 0 0.0055788
0 0 0 0.0039192 0 0 0 0.0013947
0 0 0.038251 0 0 0 0 0
0 0.0081522 0 0.0054266 0 0.004635 0 0.0027894
0 0.0016304 0.0027322 0.0027133 0 0.015643 0.034483 0.0013947
0 0.00054348 0.016393 0.01025 0 0.00057937 0 0
0 0 0 0.012662 0 0 0 0
0 0.01413 0 0 0 0.0081112 0.068966 0
0 0 0 0.019897 0 0 0 0.015342
0 0 0 0.0054266 0 0 0 0
0 0.0016304 0.0054645 0.0015074 0 0.004635 0 0
0 0 0.0054645 0 0 0.00927 0 0
0 0 0 0.00090443 0 0.0069525 0 0.0041841
0 0 0.0081967 0.0045222 0 0 0 0
0 0 0.0054645 0.0048236 0 0 0 0
0 0 0.027322 0.0024118 0 0 0 0
0 0 0.010929 0.0033162 0 0 0 0.0041841
0 0 0.0027322 0.0030148 0 0.0034762 0 0.0013947
0 0 0.0054645 0.0030148 0 0.00057937 0 0.0069735
0 0 0 0.0021103 0 0.0063731 0 0
0 0 0 0 0 0.010429 0 0
0 0 0.0027322 0.0048236 0 0 0 0.0013947
0 0 0 0.0051251 0 0 0 0.0013947
0 0 0 0.0054266 0 0 0 0
0 0 0.0027322 0.00090443 0 0 0 0.019526
0 0 0 0.0054266 0 0 0 0
0 0 0 0.0018089 0 0 0 0.016736
0 0 0.019126 0.0084414 1.25 0 0 0.0013947
0 0.00054348 0 0.0084414 0 0.0040556 0.034483 0.0055788
0 0 0 0.0072355 0 0.014484 0 0.036262
0 0 0 0.0057281 0 0.011587 0.034483 0
0 0 0 0.011758 0 0.00057937 0 0
0 0.00054348 0.02459 0.0096473 0 0.012746 0 0.012552
0 0 0.010929 0.035876 0 0.0011587 0 0.061367
0 0 0 0.0039192 0 0 0 0
0 0 0 0.00090443 0 0.0057937 0 0
0 0 0 0.0039192 0 0 0 0
0 0 0 0.0033162 0 0.00057937 0 0.0013947
0 0 0 0.0012059 0 0.004635 0 0.0013947
0 0 0 0.0039192 0 0 0 0
0 0 0.0027322 0.0027133 0 0.00057937 0 0.0027894
0 0 0 0.0030148 0 0 0 0.0041841
0 0 0 0.0021103 0 0.0034762 0 0
0 0 0 0.0021103 0 0.00057937 0 0.0069735
0 0 0.0027322 0.0021103 0 0 0 0.0069735
0 0 0.035519 0 0 0 0 0
0 0 0.0027322 0.0036177 0 0 0 0
0 0 0 0.0039192 0 0 0 0
0 0 0.046448 0.0051251 0 0.0011587 0 0.0041841
0 0 0 0.0012059 0 0.020278 0 0
0 0.014674 0 0.0045222 0 0.015064 0.068966 0.0013947
0 0 0 0.0036177 0 0 0 0.0069735
0 0.00054348 0.0027322 0.0045222 0 0 0 0
0 0 0 0.0051251 0 0 0 0
0 0 0 0.0051251 0 0 0 0
0 0 0.013661 0.0033162 0 0 0 0.0013947
0 0 0 0.0051251 0 0 0 0
0 0 0 0 0 0.0098494 0 0
0 0 0.046448 0 0 0 0 0
0 0 0 0.0021103 0 0.0057937 0 0
0 0 0.0027322 0.0042207 0.5 0 0 0
0 0 0 0.0033162 0 0.0034762 0 0
0 0 0.046448 0 0 0 0 0
0 0 0.0027322 0.0045222 0 0.00057937 0 0
0 0 0.0054645 0.0039192 0 0 0 0.0027894
0 0.0059783 0 0 0 0.0028969 0.034483 0
0 0 0 0.0051251 0 0 0 0
0 0 0.0027322 0.0048236 0 0 0 0
0 0 0 0.0048236 0 0 0 0.0013947
0 0 0 0.0051251 0 0 0 0
0 0 0 0.0051251 0 0 0 0
0 0.0048913 0 0 0 0.004635 0 0
0 0 0 0.0033162 0 0.0028969 0 0.0013947
0 0 0 0.0051251 0 0 0 0
0 0 0 0.0051251 0 0 0 0
0 0 0 0.0051251 0 0 0 0
0 0 0.0027322 0.033464 0 0 0 0
0 0 0.0081967 0.006934 0 0.0034762 0 0.0083682
0 0.00054348 0.0027322 0.0090443 0 0.0034762 0 0
0 0 0.0054645 0.0060295 0 0.0063731 0.034483 0.0041841
0 0 0.057377 0.013265 0 0.0011587 0 0
0 0 0.035519 0.0060295 0 0.0011587 0 0.0013947
0 0 0 0.010552 0 0.00057937 0 0
0 0 0 0.010853 0 0 0 0
0 0 0.0027322 0.0039192 0 0.00057937 0 0.0013947
0 0 0.010929 0 0 0.0069525 0 0
0 0 0 0.0045222 0 0 0 0.0013947
0 0.00054348 0 0.0039192 0 0.0011587 0 0
0 0 0 0.0039192 0 0 0 0.0041841
0 0 0 0 0 0.0028969 0 0.015342
0 0 0 0.00030148 0 0.0086906 0 0
0 0 0 0.0015074 0 0.0063731 0 0
0 0 0 0.0015074 0 0.004635 0 0.0041841
0 0 0 0.00090443 0 0.0075319 0 0
0 0 0.010929 0.0036177 0 0 0 0
0 0 0.043716 0 0 0 0 0
0 0 0 0.00030148 0 0.0075319 0 0.0027894
0 0 0.0054645 0.0042207 0 0 0 0
0 0 0 0.0048236 0 0 0 0
0 0 0.0054645 0.0042207 0 0 0 0
0 0 0 0.0033162 0 0.0023175 0 0.0013947
0 0 0.030055 0.0072355 0 0 0 0
0 0 0.0027322 0.0036177 0 0.012167 0 0.0013947
0 0 0 0 0 0 0 0.048815
0 0 0 0.0012059 0 0.0028969 0 0.0041841
0 0 0 0.0030148 0 0 0 0.0027894
0 0 0 0.0033162 0.25 0 0 0
0 0 0 0.00030148 0 0.0063731 0 0
0 0 0.0027322 0.0024118 0 0 0 0.0041841
0 0 0 0.0036177 0 0 0 0
0 0 0.010929 0.0018089 0 0 0 0.0027894
0 0 0.032787 0.023515 0 0.0023175 0 0.0041841
0 0 0.0027322 0.0072355 0 0.0052144 0 0
0 0 0.019126 0.0078384 0 0 0.034483 0
0 0.0027174 0.0081967 0.020199 0 0.010429 0 0.0013947
0 0 0.016393 0.025023 0 0.0023175 0 0
0 0 0.0081967 0.0051251 0 0.0034762 0 0.0097629
0 0 0 0.0099487 0 0 0 0
0 0 0.0027322 0.0024118 0 0.0034762 0 0
0 0 0 0.0042207 0 0 0 0.0013947
0 0 0.0054645 0.0021103 0 0.0034762 0 0
0 0 0 0.0045222 0 0 0 0
0 0 0 0.0045222 0 0 0 0
0 0 0 0.0045222 0 0 0 0
0 0 0.040984 0 0 0 0 0
0 0.00054348 0 0 0 0.0075319 0 0.0013947
0 0 0.0027322 0.0039192 0 0 0 0.0013947
0 0.00054348 0.0081967 0.0024118 0 0.0017381 0 0
0 0.00054348 0 0.00060295 0 0.0069525 0 0
0 0 0.0081967 0.0030148 0 0 0 0.0027894
0 0 0.016393 0.0027133 0 0 0 0
0 0.0021739 0 0.00030148 0 0.0057937 0 0
0 0 0 0.0045222 0 0 0 0
0 0 0.0081967 0.00030148 0 0.0034762 0 0.0069735
0 0.027717 0.0027322 0.0012059 0 0.025492 0.068966 0.0069735
0 0 0.079235 0.00090443 0 0 0 0
0 0 0.010929 0.0060295 0 0.0040556 0.034483 0
0 0.0021739 0 0.0042207 0 0.012746 0 0.022315
0 0.001087 0.0081967 0.021405 0 0.0028969 0.068966 0.0055788
0 0 0 0.016581 0 0 0 0
0 0.0027174 0.0054645 0.0066325 0 0.015064 0 0
0 0 0 0.0060295 0 0.0063731 0 0
0 0.0021739 0.0054645 0.0039192 0 0.0040556 0 0.0069735
0 0 0.010929 0.018089 0 0.0081112 0 0.0097629
0 0 0 0.0027133 0 0 0 0.0027894
0 0 0.0027322 0.00030148 0 0.0052144 0 0
0 0 0 0.0033162 0 0 0 0
0 0 0 0.0033162 0 0 0 0
0 0 0.0027322 0.0030148 0 0 0 0
0 0 0 0.0030148 0 0 0 0.0013947
0 0 0 0.0030148 0 0 0 0.0013947
0 0 0 0.0033162 0 0 0 0
0 0 0 0.0033162 0 0 0 0
0 0 0.0027322 0.0030148 0 0 0 0
0 0 0 0.0033162 0 0 0 0
0 0 0.0027322 0.0015074 0 0.0017381 0 0.0027894
0 0 0 0.0036177 0 0.0081112 0.034483 0.0041841
0 0 0.0054645 0.031655 0 0.0023175 0 0.0069735
0 0 0 0.0042207 0 0 0 0
0 0 0.0081967 0.0033162 0 0 0 0
0 0 0 0.0042207 0 0 0 0
0 0 0.0027322 0.0039192 0 0 0 0
0 0 0 0.0042207 0 0 0 0
0 0 0 0.0036177 0 0 0 0.0027894
0 0 0 0.0039192 0 0 0 0.0013947
0 0 0 0.0039192 0 0.00057937 0 0
0 0 0 0.0042207 0 0 0 0
0 0 0 0.0042207 0 0 0 0
0 0.00054348 0.030055 0.00060295 0 0 0 0
0 0.00054348 0 0.0021103 0 0.0034762 0 0
0 0 0.0081967 0.0030148 0 0 0 0.0013947
0 0 0.0027322 0.0039192 0 0 0 0
0 0 0.0081967 0.0030148 0 0.00057937 0 0
0 0 0 0.0042207 0 0 0 0
0 0 0 0.0018089 0 0.004635 0 0
0 0 0 0.0039192 0 0 0 0.0013947
0 0.0043478 0 0.0012059 0 0.00057937 0.034483 0
0 0 0 0 0 0.0081112 0 0
0 0 0 0.0036177 0 0 0 0.0027894
0 0.0016304 0 0.00090443 0 0.0034762 0 0.0027894
0 0 0 0.00060295 0 0.0069525 0 0
0 0 0.0027322 0.0024118 0 0.0028969 0 0
0 0 0.021858 0.0018089 0 0 0 0
0 0 0 0.0021103 0 0.0034762 0 0.0013947
0 0 0 0.0030148 0 0.0017381 0 0.0013947
0 0 0.0054645 0.0030148 0 0 0 0.0027894
0 0 0 0.0042207 0 0 0 0
0 0 0 0.00030148 0 0.0069525 0.034483 0
0 0 0.016393 0.0024118 0 0 0 0
0 0 0 0.0042207 0 0 0 0
0 0 0.013661 0.0027133 0 0 0 0
0 0 0.016393 0.020199 0 0 0 0.0097629
0 0.00054348 0.0081967 0.006934 0 0.00057937 0 0.0013947
0 0 0 0.0072355 0 0 0 0.0069735
0 0 0.0054645 0.021706 0 0.00057937 0 0.0013947
0 0 0 0.0084414 0 0 0 0
0 0 0.0081967 0.0039192 0 0.004635 0.068966 0.0027894
0 0 0 0.0072355 0 0.0023175 0 0
0 0 0.0054645 0.006331 0 0.0028969 0 0
0 0 0.0054645 0.0042207 0 0.0057937 0 0.0027894
0 0.0016304 0 0.0048236 0 0.0034762 0 0.0041841
0 0 0.032787 0.012361 0 0.011587 0 0.0027894
1 0 0.019126 0.016883 0 0.004635 0 0.0027894
0 0.00054348 0 0.012059 0 0.0034762 0 0
0 0 0 0.0039192 0 0 0 0
0 0 0 0.0021103 0 0.0028969 0 0.0013947
0 0 0.021858 0.0015074 0 0 0 0
0 0 0 0.0039192 0 0 0 0
0 0 0 0.0039192 0 0 0 0
0 0 0 0.00030148 0 0.0069525 0 0
0 0 0.0054645 0.0033162 0 0 0 0
0 0 0 0.0039192 0 0 0 0
0 0 0.030055 0.00060295 0 0 0 0
0 0 0 0.0039192 0 0 0 0
0 0 0.0027322 0.0030148 0 0 0 0.0027894
0 0 0.0054645 0.0021103 0 0.0023175 0 0
0 0 0.0027322 0.0024118 0 0.0017381 0 0.0013947
0 0 0.010929 0.0021103 0 0.0011587 0 0
0 0 0.0054645 0.0015074 0 0.0028969 0 0.0013947
0 0 0.0027322 0.0024118 0 0.00057937 0 0.0041841
0 0.00054348 0 0.00030148 0 0.0063731 0 0
0 0 0 0.0036177 0 0.00057937 0 0
0 0 0.0054645 0.0024118 0 0.00057937 0 0.0027894
0 0 0 0.00060295 0 0.0063731 0 0
0 0 0 0.0030148 0 0 0 0.0041841
0 0 0 0 0 0.0011587 0 0.015342
0 0.0016304 0 0.0015074 0 0.0028969 0 0
0 0.00054348 0 0 0 0.0069525 0 0
0 0 0.032787 0.00030148 0 0 0 0
0 0 0.0054645 0.0033162 0 0 0 0
0 0 0.0027322 0.0036177 0 0 0 0
0 0 0 0.00060295 0 0.0063731 0 0
0 0.0027174 0 0 0 0.0017381 0 0.0069735
0 0 0 0.0039192 0 0 0 0
0 0 0 0.0039192 0 0 0 0
0 0 0 0.0039192 0 0 0 0
0 0 0 0.0072355 0 0.00057937 0 0.0027894
0 0 0.019126 0.0045222 0 0 0 0.0069735
0 0 0.0027322 0.006934 0 0 0 0.0041841
0 0 0.071038 0.00030148 0 0 0 0
0 0 0.0027322 0.0042207 0 0.0057937 0.034483 0.0013947
0 0 0 0.0024118 0 0.00057937 0 0.0013947
0 0 0 0.0030148 0 0 0 0
0 0 0 0.0030148 0 0 0 0
0 0 0.0081967 0.0021103 0 0 0 0
0 0 0 0.0024118 0 0 0 0.0027894
0 0 0 0.0030148 0 0 0 0
0 0.001087 0 0.0021103 0 0 0 0.0013947
0 0 0 0.0021103 0 0.00057937 0 0.0027894
0 0 0.016393 0.00090443 0 0 0 0.0013947
0 0 0 0.0030148 0 0 0 0
0 0 0 0 0 0.0057937 0 0
0 0 0.0027322 0.0027133 0 0 0 0
0 0.0021739 0 0.00030148 0 0.0028969 0 0
0 0 0.016393 0.0012059 0 0 0 0
0 0 0 0.0030148 0 0 0 0
0 0 0 0.0027133 0 0.00057937 0 0
0 0 0 0.0024118 0 0.0011587 0 0
0 0 0 0.0024118 0 0.0011587 0 0
0 0.0016304 0.0081967 0.0099487 0 0.0040556 0 0
0 0 0.02459 0.010552 0 0.0011587 0 0
0 0.0027174 0 0.0018089 0 0.019119 0 0.0027894
0 0.01087 0.0054645 0.00060295 0 0.012167 0 0.0013947
0 0.055435 0 0.00030148 0 0.058517 0.034483 0.0013947
0 0 0 0.006331 0 0 0 0
0 0 0 0.0066325 0 0 0 0.0055788
0 0 0 0.0045222 0 0.0040556 0 0.0055788
0 0 0 0.0078384 0 0 0 0
0 0 0 0.0078384 0 0 0 0
0 0.018478 0.0054645 0.028037 0 0.046929 0.10345 0.015342
0 0 0.021858 0.016581 0 0.0011587 0 0.0027894
0 0.014674 0 0 0 0.0098494 0 0
0 0 0 0.019897 0 0 0 0
0 0 0.027322 0.013566 0 0.0057937 0 0
0 0 0.030055 0.0033162 0 0.00057937 0 0.0027894
0 0 0 0.0015074 0 0.0057937 0 0.013947
0 0 0.013661 0.0018089 0 0.0069525 0 0.0027894
0 0 0 0.0075369 0 0 0 0
0 0 0.0027322 0.012059 0 0 0 0.0013947
0 0 0.0081967 0.027736 0 0.051564 0.034483 0.030683
0 0 0.0081967 0.0027133 0 0 0 0
0 0 0 0.0024118 0 0.0023175 0 0
0 0 0 0.0033162 0 0 0 0.0013947
0 0 0 0.0021103 0 0.0011587 0 0.0041841
0 0 0.0027322 0.0033162 0 0 0 0
0 0 0.0027322 0.0033162 0 0 0 0
0 0 0 0.0030148 0 0.00057937 0 0.0013947
0 0 0 0.0033162 0 0 0 0.0013947
0 0 0 0.0033162 0 0 0 0.0013947
0 0 0 0.0033162 0 0.00057937 0 0
0 0 0 0.0030148 0 0.0011587 0 0
0 0 0 0 0 0.0023175 0 0.011158
0 0 0 0.0018089 0 0.0034762 0 0
0 0 0 0.0036177 0 0 0 0
0 0 0.0081967 0.0027133 0 0 0 0
0 0 0 0.0030148 0 0.0011587 0 0
0 0 0 0.0036177 0 0 0 0
0 0 0.0027322 0.0024118 0 0.00057937 0 0.0027894
0 0 0 0.0036177 0 0 0 0
0 0 0 0.00090443 0 0.0052144 0 0
0 0 0.0081967 0.0024118 0 0 0 0.0013947
0 0.0043478 0 0 0 0.0023175 0 0
0 0 0 0.00060295 0 0.0057937 0 0
0 0.0043478 0 0 0 0.0023175 0 0
0 0 0.032787 0 0 0 0 0
0 0 0 0.0033162 0 0 0 0.0013947
0 0.0032609 0 0 0 0.0023175 0 0.0027894
0 0 0 0.0033162 0 0 0 0.0013947
0 0 0 0.0036177 0 0 0 0
0 0 0 0 0 0.0069525 0 0
0 0 0 0.0021103 0 0.0028969 0 0
0 0 0 0.00090443 0 0.0028969 0.068966 0.0027894
0 0 0.019126 0.0015074 0 0 0 0
0 0 0 0.0036177 0 0 0 0
0 0 0 0.0030148 0 0.0011587 0 0
0 0 0 0.0036177 0 0 0 0
0 0 0.032787 0 0 0 0 0
0 0.0097826 0.0027322 0.0015074 0 0.0086906 0 0.0027894
0 0.00054348 0 0.0042207 0 0.0052144 0 0
0 0 0.0027322 0.0057281 0 0 0 0.0055788
0 0 0.0054645 0.0039192 0 0.004635 0.034483 0
0 0 0.027322 0.0042207 0 0 0 0
0 0 0.0027322 0.006934 0 0 0 0
0 0.0021739 0.030055 0.0024118 0 0.00057937 0 0
0 0 0 0.0072355 0 0 0 0
0 0 0.027322 0.014169 0 0.013905 0 0.0013947
0 0 0.013661 0.021706 0.25 0.0011587 0 0.0027894
0 0 0.062842 0.010552 0 0.00057937 0 0
0 0 0.0027322 0.011456 0 0 0 0
0 0 0 0.0027133 0 0 0 0
0 0 0 0.0027133 0 0 0 0
0 0 0 0.0027133 0 0 0 0
0 0 0 0.0012059 0 0.0028969 0 0
0 0 0 0.0015074 0 0.00057937 0 0.0041841
0 0 0 0.0027133 0 0 0 0
0 0 0 0.0027133 0 0 0 0
0 0 0 0.0027133 0 0 0 0
0 0 0 0.0021103 0 0.0011587 0 0
0 0 0 0.0027133 0 0 0 0
0 0.0027174 0 0 0 0.0023175 0 0
0 0 0 0.0027133 0 0 0 0
0 0 0.016393 0.00060295 0 0 0 0.0013947
0 0 0 0.0027133 0 0 0 0
0 0 0 0.0027133 0 0 0 0
0 0.0065217 0.0027322 0.0015074 0 0.0023175 0 0.0013947
0 0 0.0027322 0.0054266 0 0.0017381 0 0.0013947
0 0 0.054645 0.00090443 0 0 0 0
0 0 0.010929 0.0057281 0 0 0 0
0 0 0.0027322 0.0012059 0 0.0086906 0 0.0041841
0 0 0.013661 0.013265 0 0.0028969 0 0.0041841
0 0.010326 0.0054645 0.0024118 0 0.016222 0 0
0 0 0.0054645 0.0057281 0 0.0086906 0 0.0027894
0 0 0 0.011155 0 0.00057937 0 0
0 0.0043478 0.013661 0.0093458 0 0.0052144 0.034483 0.0069735
0 0 0 0.011155 0 0 0 0
0 0.00054348 0.0027322 0.0033162 0 0.004635 0 0.0013947
0 0 0.0027322 0.006331 0 0 0 0
0 0.0065217 0 0.00030148 0 0.004635 0 0.0013947
0 0 0 0.0048236 0 0.0023175 0 0.0027894
0 0 0.0027322 0.006331 0 0 0 0
0 0 0 0.0060295 0 0 0 0.0027894
0 0 0.0027322 0.0027133 0 0.00057937 0 0
0 0 0.0027322 0.0015074 0 0.0011587 0 0.0041841
0 0 0 0.0027133 0 0.00057937 0 0.0013947
0 0 0.0027322 0.0024118 0 0.00057937 0 0.0013947
0 0 0 0.0027133 0 0 0 0.0027894
0 0 0.0054645 0.00030148 0 0.004635 0 0
0 0 0 0.0033162 0 0 0 0
0 0 0 0.0033162 0 0 0 0
0 0 0 0.0027133 0 0 0 0.0027894
0 0 0 0.00060295 0 0.0052144 0 0
0 0 0 0.0033162 0 0 0 0
0 0 0.0027322 0.0015074 0 0 0 0.0069735
0 0 0 0.0033162 0 0 0 0
0 0 0.010929 0.0012059 0 0.0017381 0 0
0 0 0.013661 0.0018089 0 0 0 0
0 0 0 0.0033162 0 0 0 0
0 0 0 0.0033162 0 0 0 0
0 0 0 0.0033162 0 0 0 0
0 0 0.0027322 0.0030148 0 0 0 0
0 0 0.0081967 0.0012059 0 0.00057937 0 0.0041841
0 0 0.0027322 0.0027133 0 0 0 0.0013947
0 0 0 0.0027133 0 0.0011587 0 0
0 0 0 0.0033162 0 0 0 0
0 0 0 0.0033162 0 0 0 0
0 0 0.0027322 0.0024118 0 0.0011587 0 0
0 0 0 0.0033162 0 0 0 0
0 0 0 0.0024118 0 0 0 0.0041841
0 0 0 0.00030148 0 0.0040556 0 0.0041841
0 0 0 0 0 0.0057937 0.034483 0
0 0 0 0.0021103 0 0.0017381 0 0.0013947
0 0 0 0 0 0.0011587 0 0.012552
0 0 0 0.0030148 0 0 0 0.0013947
0 0 0.0027322 0.0012059 0 0.0034762 0 0
0 0 0 0.0033162 0 0 0 0
0 0 0 0.0033162 0 0 0 0
0 0 0 0.0078384 0 0.012167 0 0.0097629
0 0 0 0.01628 0 0 0 0
0 0 0.032787 0.0099487 0 0.0034762 0 0.0041841
0 0 0.02459 0.012964 0 0 0 0.0027894
0 0 0 0.012964 0 0.016222 0 0.0041841
0 0 0.010929 0.012059 0 0 0 0.012552
0 0.0070652 0.0081967 0.037685 0 0.0086906 0 0.0097629
0 0 0.038251 0.0090443 0 0.004635 0 0
0 0 0 0.01025 0 0.00057937 0 0
0 0 0 0.0033162 0 0.0040556 0 0.0041841
0 0 0.0027322 0.0060295 0 0 0 0
0 0 0 0.0051251 0 0.0017381 0 0.0013947
0 0.0059783 0 0.00090443 0 0.0034762 0.034483 0
0 0 0.0027322 0.0054266 0 0 0 0.0027894
0 0.0043478 0.0027322 0.0018089 0 0.0028969 0 0.0013947
0 0 0 0.0048236 0 0.0028969 0 0
0 0 0.0027322 0.0060295 0 0 0 0
0 0 0.040984 0.01628 0 0.00057937 0 0
0 0 0.013661 0.013868 0 0 0 0
0 0 0.013661 0.0099487 0 0.0040556 0 0.0083682
0 0.0059783 0.0054645 0.02653 0 0.028969 0 0.0055788
0 0.0032609 0.013661 0.0018089 0 0.0086906 0 0.0027894
0 0 0 0.01025 0 0 0 0
0 0.0048913 0.084699 0.031354 0 0.004635 0 0.0027894
0 0.001087 0.030055 0.085017 0 0.048088 0 0.0041841
0 0.0125 0 0.00060295 0 0.013905 0 0.0013947
0 0 0.0027322 0.013566 0 0 0 0.0041841
0 0.027717 0.0027322 0.0012059 0 0.025492 0.068966 0.0069735
0 0.0038043 0 0.0054266 0 0.0098494 0.034483 0.0083682
0 0 0.016393 0.0015074 0 0.00927 0 0.0083682
0 0.0086957 0 0 0 0.0098494 0 0
0 0 0.0027322 0.0030148 0 0.0028969 0 0.0055788
0 0 0 0.0060295 0 0 0 0
0 0 0 0.0054266 0 0.0011587 0 0
0 0 0 0.0042207 0 0.0023175 0 0.0027894
0 0 0 0.0060295 0 0 0 0
0 0.0021739 0 0.0030148 0 0.0017381 0 0.0041841
0 0 0.0054645 0.0054266 0 0 0 0
0 0 0.013661 0 0 0 0 0.020921
0 0 0 0.0054266 0 0.016802 0 0.0013947
0 0 0.0054645 0.0099487 0 0.0069525 0 0.0013947
0 0 0.021858 0.016581 0 0.00057937 0 0.0013947
0 0.011413 0 0 0 0.0063731 0 0
0 0 0.016393 0.00030148 0 0 0 0.0013947
0 0 0 0.0024118 0 0 0 0
0 0 0.010929 0.00090443 0 0 0 0.0013947
0 0 0.0081967 0.0015074 0 0 0 0
0 0 0 0.0024118 0 0 0 0
0 0 0.0027322 0.0021103 0 0 0 0
0 0 0.0027322 0.0021103 0 0 0 0
0 0 0 0.00090443 0 0 0 0.0069735
0 0 0 0.0021103 0 0 0 0.0013947
