2.6235 0.00097276 0.0062992 0 0 0 0 1.7518
3.6571 0.0029183 0.22467 0 0 0.016985 0 1.8261
0 1.57 0.023097 0 0 0.0063694 0 0.0015075
0.005102 0.45428 0.10604 0.21696 0.14126 0.44161 0.043732 0.01608
0.019388 0.013619 0.3853 0.4359 0.41264 0.0084926 0.23907 0.041206
0.0081633 0.012646 0.34331 0.43984 0.34572 0.012739 0.46939 0.012563
0.0040816 1.2597 0.0047244 0 0.0037175 0 0 0.0025126
0 0 0.064567 0 0 0.023355 1.3411 0
0.0040816 1.107 0.010499 0.004931 0 0 0.0058309 0.0020101
0 0 0.26299 0.051282 0.011152 0.0021231 0.0058309 0
0 1.0331 0.011549 0.022682 0.0074349 0 0 0.00050251
0 0 0.0020997 0.0059172 1.4981 0 0 0
0.0030612 0.0097276 0.07664 0.0069034 0.01487 1.0042 0.011662 0.0055276
0.47959 0.0019455 0.0047244 0.00098619 0 0.0084926 0 0.079397
0.42041 0 0.0031496 0 0 0 0 0.084925
0 0 0.0041995 0 0 0 0.87755 0
0.3898 0 0.0031496 0 0 0 0 0.065829
0.43571 0.00097276 0.0057743 0 0 0.0042463 0 0.030653
0 0 0.028346 0 0 0.0021231 0.61808 0
0 0 0.11706 0.010848 0.11524 0 0 0
0.0020408 0.031128 0.052493 0.059172 0.022305 0.036093 0.026239 0.0030151
0.0020408 0.14883 0.020997 0.02071 0.011152 0 0.0087464 0.00050251
0.34388 0.0038911 0.0015748 0 0 0 0.0029155 0.025628
0.35 0 0 0 0 0 0 0.024121
0.039796 0.011673 0.0094488 0.056213 0.011152 0 0 0.13015
0.34796 0 0 0 0 0 0 0.023116
0.0030612 0.018482 0.055118 0.011834 0.011152 0.046709 0.099125 0.0025126
0.34082 0 0.00052493 0.00098619 0 0 0 0.01407
0 0.021401 0.022047 0.0029586 0.0074349 0.56263 0.026239 0.001005
0 0 0.08399 0.0078895 0.089219 0 0 0
0.32143 0 0 0 0 0 0 0.0080402
0.0010204 0.00097276 0.021522 0.26726 0.037175 0.0021231 0 0.0025126
0.083673 0 0.0073491 0 0 0 0 0.10302
0 0.0038911 0.056693 0.12229 0.026022 0.010616 0.075802 0.0015075
0.0081633 0.039883 0.024147 0.15089 0.011152 0 0.0029155 0.0050251
0.0071429 0.064202 0.023622 0.10355 0.037175 0.0042463 0.023324 0.0075377
0.0030612 0.00097276 0.10866 0.014793 0.026022 0.016985 0.0058309 0.0055276
0.95102 0.91926 0.010499 0.011834 0.0074349 0 0.040816 0.92764
0 0 0.10184 0.0069034 0.011152 0.0042463 0.075802 0
0 0 0.011024 0.0029586 0 0.016985 0.29155 0.00050251
0.0081633 0.0029183 0.0036745 0.16469 0.011152 0 0.0029155 0.0095477
0.0010204 0.00097276 0.024672 0.022682 0.49442 0 0 0.00050251
0 0.015564 0.064042 0.030572 0.02974 0.019108 0.014577 0.0055276
0.0020408 0.06323 0.028871 0.057199 0.04461 0.0021231 0.020408 0.00050251
0 0.16245 0.0015748 0.029586 0 0 0 0
0 0 0.028346 0 0 0.0063694 0.41399 0
0.061224 0.0029183 0.0073491 0.00098619 0 0.0042463 0 0.059799
0.20918 0.037938 0.008399 0.004931 0.026022 0.021231 0 0.30101
0 0 0.013123 0.013807 0.0037175 0 0.43732 0.0015075
0.0010204 0.011673 0.033596 0.014793 0.02974 0.0042463 0.029155 0.001005
0.0020408 0 0.017323 0.004931 0.0037175 0.080679 0.084548 0.0020101
0 0.0068093 0.049344 0.042406 0.048327 0 0.072886 0.0015075
0 0.00097276 0.080315 0.0059172 0.0037175 0.023355 0.026239 0
0 0 0 0.16963 0.0037175 0 0 0
0.05102 0.00097276 0.0047244 0 0 0.0021231 0 0.054774
0 0 0.0062992 0 0 0.32909 0.0058309 0
0.0030612 0.0048638 0.023622 0.093688 0.011152 0 0.034985 0.0015075
0.05 0 0.015223 0.0088757 0.01487 0 0 0.035176
0 0.011673 0.013123 0.10651 0.026022 0 0.017493 0.00050251
0.0030612 0.00097276 0.056693 0.02071 0.011152 0.0084926 0 0.0070352
0 0 0 0.088757 0.0074349 0 0 0
0.041837 0.0048638 0.0089239 0 0.0037175 0.0021231 0 0.043719
0 0 0.057743 0.035503 0.026022 0.96603 0.011662 0.0050251
0.015306 0.01751 0.015223 0.019724 0.037175 0.027601 0.0058309 0.01809
0 0 0.0036745 0.12525 0 0 0 0
0.0040816 0.0029183 0.044094 0.0069034 0.026022 0.0063694 0.029155 0.0065327
0 0 0 1.4122 0.063197 0 0 0
0 0 0.054593 0.004931 0.055762 0 0 0.00050251
0 0.00097276 0.030971 0 0 0.0063694 0.037901 0.00050251
0.005102 0 0.047244 0.00098619 0.022305 0.0021231 0 0.0080402
0.0040816 0.0077821 0.027822 0.0098619 0.033457 0.0063694 0.078717 0.0025126
0.020408 0 0 0 0 0 0 0.026131
0 0 0.024672 0 0.0037175 0 0.19534 0
0 0.0048638 0.014173 0 0.11152 0.010616 0 0.0015075
0.018367 0.018482 0.010499 0.0069034 0.01487 0.0042463 0.014577 0.018593
0 0 0.0036745 0.098619 0.011152 0 0 0
0 0 0.029921 0.004931 0.018587 0 0 0
0 0 0.00052493 0.065089 0 0 0 0
0 0 0.024147 0 0 0 0 0.0095477
0 0 0.047769 0.00098619 0.0074349 0.0042463 0.017493 0
0 0.0019455 0.0020997 0.004931 0.33457 0.0021231 0 0
0.0010204 0.051556 0.070866 0.14793 0.05948 0.0084926 0.017493 0.0080402
0.028571 0 0.011549 0 0 0 0 0.025628
0.0081633 0.013619 0.015223 0.021696 0 0 0 0.012563
0.10306 0 0.0068241 0.00098619 0 0.012739 0 0.1206
0.0030612 0.0068093 0.015748 0.0069034 0.0037175 0.012739 0.014577 0.001005
0.33469 0 0 0 0 0 0 0.01206
0 0 0.0031496 0.083826 0.0074349 0 0.0029155 0.00050251
0 0 0.007874 0.043393 0.0037175 0 0 0
0 0 0.019423 0.022682 0.02974 0.0021231 0.06414 0.00050251
0 0.052529 0.013123 0.0069034 0.011152 0 0 0.0015075
0.0030612 0.0038911 0.0041995 0.073964 0 0 0 0.001005
0 0 0.024672 0.0029586 0.0037175 0.0063694 0.0029155 0.001005
0 0.0087549 0.024147 0.023669 0.0037175 0.012739 0.0029155 0.001005
0 0 0.0036745 0 0 0.031847 0.099125 0
0.011224 0 0.00052493 0 0 0 0 0.021608
0.0061224 0.0029183 0.019423 0.015779 0.018587 0.010616 0.0029155 0.0060302
0 0 0.0073491 0 0 0 0.1137 0.00050251
0.0081633 0 0.024672 0.0029586 0.0037175 0.012739 0.020408 0.0060302
0 0.023346 0.012598 0.019724 0.0037175 0 0.029155 0.0020101
0 0.074903 0.0020997 0 0 0 0 0
0.005102 0 0.011024 0.004931 0.0037175 0.023355 0.011662 0.0025126
0 0 0.03622 0.0029586 0.026022 0 0 0
0.014286 0 0.0015748 0 0 0 0 0.030653
0.0040816 0.057393 0.0026247 0.0019724 0.0037175 0 0 0.0030151
0.0061224 0.0107 0.0089239 0.022682 0.02974 0 0.0029155 0.0050251
0 0.0019455 0.0015748 0.0078895 0.22305 0 0 0.00050251
0 0 0.00052493 0.07002 0.0074349 0 0 0
0 0 0.0026247 0.067061 0 0 0 0
0 0 0.007874 0.004931 0 0.031847 0.034985 0
1.1541 0 0 0 0 0 0 0.046734
0 0 0.03622 0 0 0 0 0.00050251
0.0030612 0.00097276 0.0052493 0.044379 0.011152 0 0.0029155 0.0030151
0 0.0029183 0.0015748 0.058185 0.011152 0 0 0.00050251
0.0040816 0 0.085039 0.011834 0.04461 0.027601 0.014577 0.011558
0.0020408 0.0019455 0.010499 0 0 0 0 0.010553
0.0030612 0.0029183 0.020997 0.0059172 0.0074349 0.010616 0.0058309 0.0035176
0 0.00097276 0.029396 0.0078895 0.0037175 0.0021231 0 0
0 0.020428 0.0099738 0.014793 0.0074349 0 0.026239 0.00050251
0 0 0.028346 0.004931 0.022305 0 0.0058309 0
0 0.042802 0 0 0 0 0 0
0 0.034047 0.0041995 0.019724 0.0037175 0 0.0029155 0.00050251
0.0061224 0.033074 0.0057743 0.0069034 0.0037175 0 0.0029155 0.0030151
0.076531 0.0019455 0.00052493 0.00098619 0 0.0021231 0 0.068342
0 0 0.011024 0 0.0074349 0.012739 0.034985 0.001005
0.026531 0.0058366 0 0 0 0 0 0.016583
0.0071429 0 0.018898 0.00098619 0 0 0 0.01005
0.0010204 0.0068093 0.008399 0.036489 0.0074349 0 0.0029155 0
0 0.00097276 0.011024 0.00098619 0.018587 0.025478 0.0058309 0
0 0 0 0.0029586 0.14498 0 0 0
0 0 0.017323 0.00098619 0.0074349 0.0021231 0 0.0025126
0.0010204 0 0.019423 0.0059172 0.01487 0.012739 0 0.0045226
0 0.060311 0 0 0 0 0 0
0 0.012646 0.0057743 0.029586 0.01487 0 0.011662 0
0 0.0029183 0.0089239 0.0059172 0.0037175 0.012739 0.0087464 0.0025126
0 0 0.0020997 0.034517 0.0074349 0 0 0
0.020408 0 0.0036745 0 0 0 0 0.017085
0 0.051556 0.0015748 0.0039448 0.0037175 0 0 0
0 0 0.0026247 0.055227 0 0 0 0
0.02449 0 0.00052493 0 0 0 0 0.01809
0 0 0.020472 0 0 0 0.0029155 0
0.0020408 0.00097276 0.014173 0 0 0.027601 0 0.0085427
0.0020408 0.022374 0.0057743 0.0088757 0.040892 0 0.0058309 0.001005
0 0 0.0057743 0.038462 0.02974 0 0.0029155 0
0 0 0.023622 0.013807 0 0 0 0
0 0 0.011549 0.012821 0.074349 0.0021231 0.0058309 0.00050251
0 0.029183 0.0052493 0.016765 0.0074349 0 0 0
0 0 0.019423 0 0 0.0042463 0 0
0 0 0.015223 0 0 0.0021231 0 0.0045226
0 0 0.0062992 0.00098619 0.089219 0 0.0058309 0
0 0 0.018898 0.0019724 0 0 0.0029155 0
0 0 0.0073491 0 0 0 0.072886 0
0.0030612 0 0.018373 0 0 0 0 0.01005
0 0.0019455 0.010499 0.034517 0 0 0 0
0 0.00097276 0.024672 0.0039448 0 0.0042463 0.0087464 0
0.0020408 0.00097276 0.0099738 0.012821 0 0.0063694 0 0
0 0.0019455 0.017323 0 0 0 0.0058309 0.00050251
0 0 0.0052493 0.004931 0.085502 0 0 0
0.39286 0 0 0 0.0037175 0.0021231 0 0.018593
0 0 0.0094488 0 0 0 0.11079 0
0 0.00097276 0.013123 0.025641 0.0037175 0 0.0087464 0
0.0030612 0.029183 0.0015748 0 0 0 0 0.00050251
0 0.0068093 0 0.029586 0 0 0 0
0 0.00097276 0.0068241 0.0039448 0 0.0042463 0.049563 0
0.0010204 0 0.018373 0.0059172 0.01487 0.0042463 0.014577 0.001005
0.0061224 0 0.0099738 0.011834 0.037175 0.0042463 0.0087464 0.0015075
0.015306 0.0019455 0.0010499 0.0019724 0 0 0 0.017085
0.0081633 0.0029183 0.0089239 0.014793 0 0 0.017493 0.0030151
0 0 0.0073491 0.0019724 0.0037175 0.87473 0 0.0015075
0 0 0.0015748 0.021696 0.040892 0 0 0
0.0081633 0 0.0036745 0.00098619 0 0 0 0.01005
0 0.026265 0 0.0078895 0 0.0021231 0 0
0.0010204 0.00097276 0.41785 0.0029586 0.0074349 1.017 0.03207 0
0 0.0019455 0.032021 0.024655 0.040892 0 0.1895 0.001005
0.0010204 0.0029183 0.019948 0.00098619 0.0037175 0.010616 0.0029155 0.0015075
0.0010204 0.043774 0.0026247 0.0019724 0 0 0 0
0.0010204 0 0.011549 0.0029586 0.0037175 0.046709 0.0058309 0.00050251
0 0.00097276 0.022572 0.0039448 0 0 0.011662 0
0 0 0.025197 0.0019724 0.0074349 0 0 0
0 0 0.024147 0 0 0.0021231 0 0.0020101
0.12857 0.0029183 0.00052493 0 0 0.0021231 0 0.11407
0 0.0038911 0.013123 0.00098619 0 0 0 0.0020101
0.0010204 0.00097276 0.0047244 0.00098619 0.0037175 0 0.061224 0
0 0 0.016273 0.010848 0.022305 0 0 0.0025126
0 0 0.0026247 0.044379 0 0 0 0
0.0020408 0.0068093 0.008399 0.0059172 0.066914 0 0.0029155 0
0 0 0.022572 0.00098619 0 0.0084926 0.0029155 0
0 0 0.0026247 0.043393 0 0 0 0
0 0.00097276 0.017323 0.0088757 0 0 0.011662 0.001005
0 0 0.0031496 0.04142 0.0037175 0 0 0
0.0030612 0.0038911 0.007874 0.00098619 0.0037175 0.0063694 0 0.0030151
0 0 0.013123 0.0069034 0.011152 0 0.037901 0
0.011224 0 0.00052493 0 0 0.0021231 0 0.017588
0 0.00097276 0.0052493 0.035503 0 0 0 0
0.010204 0 0.0089239 0.0039448 0.0037175 0.0021231 0 0.0070352
0 0.0087549 0.0099738 0.012821 0 0 0.014577 0.00050251
0 0.00097276 0.012073 0.018738 0 0.0042463 0.0058309 0
0 0 0.0026247 0 0 0 0.12245 0
0 0.00097276 0.0094488 0.022682 0.0074349 0 0.0029155 0.00050251
0.005102 0 0.015223 0.00098619 0.018587 0 0 0.0030151
0 0.00097276 0.0073491 0.0286 0.0074349 0 0 0
0.037755 0.0038911 0.0026247 0 0 0 0 0.045226
0 0 0.00052493 0.00098619 0.0037175 0 0.081633 0
0 0 0 0 0 0 0.090379 0
0 0 0.0036745 0.00098619 0 0.0063694 0.058309 0
0.015306 0 0 0 0 0 0 0.0080402
0.0010204 0.014591 0.0036745 0.010848 0.0074349 0 0.014577 0.0020101
0.0010204 0.0038911 0.011549 0.0039448 0.018587 0.0042463 0 0.0035176
0 0.023346 0.00052493 0.017751 0.0037175 0 0.0029155 0
0 0.0058366 0.00052493 0.037475 0 0 0 0
0 0.041829 0.00052493 0.00098619 0 0 0 0
0.0061224 0.026265 0.034646 0.016765 0 0.0021231 0.017493 0.0040201
0 0 0.0026247 0 0 0 0.1137 0
0 0.00097276 0.008399 0.0069034 0 0 0.052478 0.001005
0 0 0 0 0 0 0.087464 0
0 0 0.011024 0.0019724 0.011152 0.0021231 0.0087464 0
0.0010204 0.0019455 0.007874 0.0059172 0 0 0.014577 0.00050251
0 0 0.0052493 0.10651 0.022305 0 0.0058309 0
0.020408 0 0.0020997 0 0 0 0 0.0095477
0 0 0 0 0 0 0.12536 0
0 0.0038911 0.007874 0.015779 0 0 0.0058309 0.0030151
0 0 0.0089239 0.021696 0.011152 0 0.0029155 0
0.0020408 0.00097276 0.010499 0.011834 0.018587 0.0021231 0 0.001005
0.0020408 0.00097276 0.010499 0.0029586 0.01487 0.0042463 0.014577 0.0030151
0 0.031128 0.015748 0.045365 0.022305 0 0.020408 0.001005
0 0.015564 0.0062992 0 0 0 0.0029155 0
0 0 0.0010499 0.023669 0.011152 0 0 0
0.0071429 0 0.0010499 0 0 0 0 0.01005
0 0 0.0057743 0.0098619 0.05948 0 0.014577 0
0.0020408 0.00097276 0.013648 0.0059172 0.0037175 0 0 0.0030151
0 0 0.012598 0.0098619 0.011152 0 0.0058309 0.0015075
0 0.018482 0.0047244 0.0088757 0.01487 0 0 0.00050251
0 0 0.0026247 0.0019724 0.13011 0 0 0
0 0 0.0031496 0.034517 0.0037175 0 0 0
0 0.0019455 0.013123 0.0098619 0 0 0.011662 0
0 0.020428 0.0015748 0.016765 0 0 0 0
0.0020408 0.0077821 0.007874 0.0059172 0 0 0.0058309 0.0040201
0 0.0048638 0.0068241 0.016765 0.011152 0 0.0029155 0.001005
0 0 0.0089239 0.016765 0.0037175 0 0.0029155 0.0025126
0.023469 0.0097276 0.013123 0.016765 0.0074349 0 0 0.019598
0 0 0.0089239 0 0 0 0.058309 0.0015075
0.0010204 0.0019455 0.0052493 0.021696 0 0.0042463 0.0058309 0.00050251
0.0040816 0 0.0099738 0 0.0037175 0.0042463 0.0029155 0.0060302
0 0 0.017848 0.004931 0 0 0 0
0.013265 0 0.0047244 0.00098619 0.0037175 0.0042463 0.0029155 0.0060302
0.0010204 0.021401 0.0041995 0.0039448 0 0.0021231 0 0.0015075
0.005102 0.00097276 0.0057743 0.0029586 0.0037175 0 0.0029155 0.0085427
0 0 0.007874 0.0039448 0 0.016985 0 0
0.0010204 0 0.0099738 0 0.0074349 0.0063694 0 0.001005
0.0020408 0.0019455 0.0052493 0.0088757 0.0037175 0.0063694 0 0
0 0 0.0062992 0 0 0.0063694 0.27697 0
0.0081633 0.00097276 0.0089239 0 0.0037175 0 0 0.0055276
0 0 0.0026247 0 0 0 0.09621 0
0.0010204 0 0.0089239 0.0088757 0.037175 0 0 0.00050251
0.0010204 0 0.050919 0.00098619 0 0.0063694 0.0087464 0.00050251
0 0 0 0.024655 0.0037175 0 0 0
0.016327 0.014591 0.0036745 0.0078895 0.011152 0 0 0.028141
0 0 0.011024 0.0069034 0.0074349 0.010616 0.0029155 0.00050251
0.005102 0 0.0099738 0.004931 0.0037175 0 0.0029155 0.0030151
0.0020408 0.0029183 0.0094488 0.004931 0.0037175 0 0.011662 0.0020101
0.0010204 0 0.0052493 0.021696 0.0037175 0.0021231 0.0029155 0.00050251
0.0020408 0 0.0094488 0.0088757 0.0037175 0 0 0.0035176
0.0020408 0.0029183 0.00052493 0.030572 0 0 0 0
0 0.0019455 0.0089239 0.010848 0.0074349 0 0.014577 0
0.0040816 0.016537 0.0036745 0.0029586 0.0074349 0 0 0.0020101
0.0030612 0.0107 0.0062992 0.0019724 0.0037175 0 0 0.0040201
0 0.01751 0.0068241 0 0 0.0063694 0.0029155 0.001005
0.036735 0 0.25039 0.00098619 0 0.014862 0.014577 0.063317
0 0 0.012073 0 0.0074349 0 0.03207 0
0 0 0.007874 0.014793 0.011152 0 0.0029155 0.001005
0.011224 0 0.0031496 0 0 0 0 0.0095477
0.0030612 0.0068093 0.0089239 0.0029586 0 0 0.0029155 0.0025126
0 0 0.010499 0 0 0 0.046647 0
0 0 0.046194 0.0029586 0.011152 0.0021231 0.014577 0
0 0 0.011024 0 0 0.0042463 0 0.001005
0 0 0.0031496 0 0 0 0.055394 0
0 0 0.012073 0 0 0 0.0058309 0
0.0071429 0 0.0052493 0 0 0 0 0.0040201
0.0010204 0 0.012073 0.004931 0.0037175 0 0.0058309 0.0015075
0 0 0.0073491 0.016765 0.011152 0 0 0.00050251
0 0.00097276 0.013123 0.0069034 0 0 0.0058309 0
0 0 0.008399 0 0.018587 0.0063694 0 0
0 0 0.0031496 0.0039448 0.011152 0.010616 0.0058309 0.0020101
0 0 0.012598 0 0 0 0 0
0 0 0.0089239 0.004931 0 0 0.0058309 0
0 0.0029183 0.0026247 0.011834 0.011152 0 0.0029155 0
0.012245 0.00097276 0.0020997 0 0 0 0 0.0085427
0 0.0048638 0.0015748 0.0039448 0 0 0.06414 0
0 0.00097276 0.007874 0.0088757 0.022305 0.0042463 0 0.00050251
0.0010204 0 0.015223 0.00098619 0 0 0 0.0015075
0 0 0.00052493 0.00098619 0.11896 0 0 0
0 0 0.015223 0 0 0.0021231 0.0029155 0.0015075
0 0 0 0.032544 0.0037175 0 0 0
0.018367 0.012646 0.0047244 0.023669 0.0074349 0 0.0029155 0.012563
0 0 0.022572 0.031558 0.01487 0.010616 0 0.0030151
0.0071429 0.0019455 0.0010499 0 0 0 0 0.011055
0.011224 0 0 0 0 0 0 0.0060302
0.0010204 0 0.0068241 0.0059172 0.0037175 0 0.0058309 0
0 0 0.00052493 0.0019724 0 0 0.058309 0
0 0.0019455 0.0015748 0.012821 0.01487 0 0 0.00050251
0.0030612 0 0.0015748 0 0.0037175 0.0021231 0 0.0075377
0.45612 0.01751 0.051444 0.011834 0.040892 0.025478 0.011662 0.56131
0.0040816 0.0068093 0.014173 0.023669 0.04461 0.0021231 0.0058309 0.0050251
0 0.0019455 0.0089239 0.0029586 0.0074349 0.0021231 0.011662 0.0015075
0 0 0.012073 0.00098619 0.022305 0 0.0029155 0.00050251
0.0040816 0.00097276 0.0057743 0 0 0.0063694 0 0.0065327
0.0010204 0 0.011549 0.0059172 0 0 0.0058309 0.00050251
0.005102 0.00097276 0.0052493 0.00098619 0 0 0 0.0075377
0.0010204 0.0019455 0.015223 0.015779 0.01487 0.0021231 0.084548 0.0015075
0 0 0 0.081854 0 0 0 0
0.0010204 0 0.0052493 0.00098619 0 0.0021231 0.014577 0.0020101
0 0 0.0073491 0.0029586 0 0.0063694 0.0029155 0.00050251
0 0 0.0052493 0.0039448 0 0 0.014577 0.0015075
0.012245 0 0 0 0 0 0 0.0050251
0 0.0019455 0.0068241 0.00098619 0 0.010616 0 0.00050251
0 0 0.0026247 0 0 0.0021231 0.072886 0
0 0 0.0073491 0.0019724 0.011152 0 0.034985 0
0 0 0.013648 0 0.018587 0 0 0
0 0.00097276 0.010499 0.004931 0 0 0 0.0025126
0 0.0048638 0.0015748 0.018738 0 0 0.0029155 0.0015075
0.0010204 0.00097276 0.0010499 0.024655 0.0037175 0 0 0.00050251
0.0020408 0.022374 0.00052493 0 0 0 0 0.0025126
0 0 0.012073 0.045365 0.0074349 0.012739 0.011662 0
0.0030612 0.00097276 0.022047 0.0088757 0 0 0.061224 0.0020101
0 0.0048638 0.0089239 0.037475 0.0074349 0.0084926 0.03207 0.0015075
0.0030612 0 0.0068241 0.0019724 0.011152 0.0084926 0 0.0025126
0 0 0 0.029586 0 0 0 0
0.014286 0 0.0015748 0 0 0 0 0.0065327
0.0040816 0.0029183 0.0094488 0.00098619 0 0 0.0058309 0.001005
0 0.00097276 0.0010499 0.021696 0.011152 0 0.0029155 0.00050251
0 0 0.0036745 0 0 0 0.067055 0
0.0030612 0.0097276 0.00052493 0 0 0 0 0.0080402
0.0020408 0.00097276 0.011024 0 0 0.0021231 0 0.0025126
0 0.029183 0 0 0 0 0 0
0.0030612 0.0107 0.022047 0.0078895 0.0037175 0.0084926 0 0.0045226
0 0 0 0.02071 0 0 0 0
0 0 0.0068241 0 0.02974 0 0 0
0 0 0 0.02071 0 0 0 0
0 0.018482 0 0 0 0.0021231 0 0.00050251
0 0 0.012598 0 0 0.87473 0 0
0 0 0.030971 0.0069034 0.0037175 0 0.026239 0
0.0010204 0 0.010499 0.0019724 0.0037175 0 0 0.0025126
0 0 0.0062992 0.0019724 0 0 0.043732 0
0 0.026265 0.00052493 0.00098619 0 0 0 0
0.0010204 0.00097276 0.0094488 0.0019724 0.018587 0.0021231 0 0.00050251
0 0 0.0052493 0 0 0.0021231 0.052478 0
0 0 0.0047244 0.012821 0.01487 0 0.0087464 0
0 0 0.00052493 0.0029586 0.092937 0 0 0
0.0020408 0.011673 0.0015748 0.004931 0 0 0 0.0035176
0 0.00097276 0.012073 0.0019724 0 0.0021231 0.0058309 0
0.0091837 0 0.0010499 0 0 0 0 0.0085427
0 0 0.0062992 0.0069034 0.011152 0 0.014577 0.00050251
0 0 0.0062992 0.011834 0.0037175 0 0 0.0015075
0 0 0 0.024655 0.011152 0 0 0
0 0 0.0026247 0.0039448 0 0 0.055394 0
0 0 0.0094488 0.0078895 0.0037175 0 0.0029155 0
0 0 0.0052493 0.010848 0.0037175 0 0.014577 0.00050251
0 0.00097276 0.011024 0.0019724 0 0.0021231 0.0087464 0
0 0 0.0036745 0.0088757 0.01487 0 0 0
0.0061224 0 0.00052493 0 0 0 0 0.0065327
0 0 0.0089239 0 0.011152 0 0 0
0 0 0.0068241 0.0029586 0 0.0084926 0 0
0.0030612 0.015564 0.0036745 0.026627 0.01487 0 0 0.0075377
0 0 0.0015748 0.021696 0.0074349 0 0 0
0.0020408 0 0.0010499 0 0 0 0 0.011558
0 0.0019455 0.0094488 0.00098619 0.0074349 0 0 0.0020101
0.0040816 0 0.0047244 0 0.0074349 0.0021231 0 0.0055276
0 0 0.0057743 0.0088757 0 0 0.020408 0
0 0 0.0010499 0.024655 0 0 0 0
0 0 0.0010499 0.024655 0 0 0 0
0.0020408 0.0068093 0.046719 0.037475 0.011152 0 0.27405 0.0030151
0 0.022374 0.012598 0.0069034 0.0037175 0.0021231 0.0029155 0.0055276
0 0.1216 0.0031496 0.00098619 0 0.0063694 0 0.00050251
0 0 0.0047244 0.00098619 0.01487 0.0063694 0.0029155 0.00050251
0 0 0.0036745 0 0 0 0.034985 0
0 0.012646 0.0015748 0.00098619 0 0 0 0.001005
0 0 0.0057743 0 0 0.0021231 0.014577 0.001005
0 0 0.007874 0 0 0.0021231 0.0058309 0.00050251
0 0 0 0.017751 0.0037175 0 0 0
0 0.018482 0 0 0 0 0 0
0 0.0019455 0.0073491 0.0069034 0 0 0.0058309 0.00050251
0.0040816 0 0.0020997 0 0 0 0 0.0090452
0 0.024319 0.00052493 0 0 0 0 0
0 0.0068093 0.00052493 0.016765 0 0 0 0.00050251
0 0 0.0010499 0.00098619 0.085502 0 0 0
0.0020408 0 0.022047 0.004931 0.011152 0.0063694 0.014577 0.0025126
0 0.00097276 0.030971 0.00098619 0.0037175 0 0.0029155 0
0 0 0.016273 0.019724 0.0037175 0 0.03207 0
0 0 0 0.06213 0 0 0 0
0.0030612 0.0077821 0.029921 0.011834 0.052045 0 0.081633 0.0015075
0 0 0.012073 0 0 0.0021231 0 0.00050251
0 0 0.0020997 0.0069034 0.048327 0 0 0.00050251
0 0.024319 0 0 0 0 0 0
0 0.021401 0.0015748 0 0 0 0 0
0 0 0.0057743 0 0 0 0.040816 0
0 0 0 0.024655 0 0 0 0
0 0 0.0068241 0.010848 0 0 0.0029155 0
0.0010204 0.00097276 0.0015748 0.015779 0 0 0 0.0020101
0.0010204 0.0029183 0.0073491 0.0069034 0 0 0 0
0.0010204 0 0.0041995 0.0029586 0.01487 0.0021231 0.023324 0
0 0 0.012073 0 0 0 0.0058309 0
0 0 0 0 0 0 0.072886 0
0 0 0.0052493 0.013807 0.0037175 0 0 0
0.0020408 0.00097276 0.0041995 0.010848 0.0074349 0 0 0.00050251
0 0.00097276 0.0062992 0.00098619 0.0037175 0 0.026239 0.00050251
0.0010204 0.0019455 0.0052493 0.0098619 0 0 0 0.001005
0 0 0.0036745 0.017751 0 0 0 0
0 0 0.00052493 0.023669 0 0 0 0
0 0 0.0010499 0.022682 0 0 0 0
0 0 0.0052493 0.0019724 0.022305 0 0 0
0 0 0 0.016765 0.0037175 0 0 0
0 0 0.0052493 0.00098619 0.0074349 0.0063694 0 0.001005
0.0010204 0.012646 0.0020997 0 0 0 0 0
0 0 0.0047244 0 0 0 0.026239 0
0.0081633 0.00097276 0.0010499 0 0 0 0 0.0035176
0 0.00097276 0.0041995 0.014793 0 0 0 0
0.0020408 0 0.0057743 0 0 0 0 0.0055276
0 0 0.0036745 0.014793 0 0 0.0058309 0
0 0 0 0.023669 0 0 0 0
0.0040816 0.0019455 0.00052493 0.0019724 0.0037175 0.0042463 0.011662 0.0040201
0 0.022374 0.00052493 0 0 0 0 0
0.005102 0 0.0031496 0 0.0037175 0 0 0.0060302
0 0.0068093 0.0073491 0.0019724 0 0 0 0.00050251
0 0 0.0057743 0.0019724 0.026022 0 0.0058309 0.001005
0.0010204 0.0038911 0.0031496 0.0059172 0.0037175 0 0 0.0030151
0 0.020428 0.0015748 0 0 0 0 0
0.0010204 0.23735 0.011549 0.018738 0.0074349 0 0.020408 0
0 0 0.0047244 0.0039448 0.0074349 0 0.28863 0
0 0 0.0062992 0.00098619 0 0.0042463 0.0029155 0.00050251
0 0.016537 0 0 0 0 0 0
0.0030612 0.0068093 0.0031496 0 0 0 0 0.00050251
0.005102 0 0 0 0 0 0 0.0060302
0.0010204 0 0.0062992 0.0029586 0 0 0 0.00050251
0 0 0 0.016765 0 0 0 0
0.0061224 0.00097276 0.00052493 0 0 0 0 0.0045226
0 0.016537 0 0 0 0 0 0
0.0020408 0 0.0089239 0 0 0 0 0.0020101
0.0010204 0 0.0041995 0.00098619 0 0.0042463 0.023324 0.0015075
0 0 0.0089239 0.0019724 0.0037175 0 0.0058309 0.00050251
0 0 0.0041995 0.010848 0.0037175 0 0.0029155 0.001005
0 0.0058366 0.0041995 0.0039448 0.0074349 0 0 0.0015075
0 0.0029183 0.0010499 0.016765 0.0037175 0 0 0
0 0 0.0010499 0 0 0.0021231 0.058309 0
0.0081633 0 0 0 0 0 0 0.0075377
0.0071429 0 0.0010499 0.00098619 0 0 0 0.0065327
0 0 0.0047244 0.010848 0.011152 0 0 0
0.005102 0 0.0010499 0 0 0 0 0.0080402
0.0081633 0 0 0 0 0 0 0.0075377
0 0.021401 0.00052493 0 0 0 0 0
0.005102 0.011673 0.0041995 0.0029586 0.0037175 0.0042463 0 0.012563
0.0010204 0.0029183 0.007874 0.0069034 0.0074349 0 0.075802 0.00050251
0 0 0.00052493 0.051282 0.0037175 0 0.0029155 0
0.0061224 0.0029183 0.030971 0.013807 0 0.0021231 0 0.011055
0.0020408 0 0.019948 0.0069034 0 0.0042463 0.0058309 0.0015075
0.0091837 0 0.00052493 0 0 0 0 0.0060302
0 0 0.0094488 0 0 0 0 0.0020101
0 0 0.0089239 0.00098619 0.0037175 0.0021231 0.0058309 0
0 0 0.007874 0.0039448 0.0074349 0 0 0.00050251
0 0 0.0099738 0.0019724 0.0037175 0 0 0
0 0 0.0010499 0.018738 0.0037175 0 0 0
0 0 0.0010499 0.015779 0.01487 0 0 0
0.0020408 0.0058366 0.0036745 0 0 0 0 0.0035176
0 0.0048638 0.0041995 0.0039448 0.018587 0 0 0
0 0 0.00052493 0.02071 0 0 0 0
0.0010204 0.0019455 0.0073491 0.0029586 0.0037175 0.0021231 0 0
0 0 0.00052493 0.018738 0.0037175 0 0.0029155 0
0 0 0.010499 0 0 0 0.0058309 0
0 0.01751 0.0010499 0.0019724 0 0 0 0
0.0061224 0 0.0015748 0 0 0 0 0.0065327
0.0071429 0.013619 0.0020997 0.0059172 0 0.0021231 0.0029155 0.01005
0.0010204 0 0.0052493 0.00098619 0 0.0063694 0 0.00050251
0 0 0.0073491 0.0019724 0 0 0 0
0 0 0.0068241 0.0019724 0 0 0.0029155 0
0 0 0.0057743 0 0 0.0084926 0.0029155 0
0 0 0.0015748 0.010848 0.0074349 0 0 0
0 0 0.0099738 0 0 0 0 0
0 0 0.0020997 0.004931 0 0 0.0029155 0.0030151
0.0020408 0 0 0 0 0 0 0.0070352
0.0010204 0.0019455 0.0020997 0.04142 0 0 0.0029155 0.00050251
0.022449 0 0.08399 0 0 0.0042463 0.0058309 0.029648
0.0010204 0.00097276 0.0062992 0.0019724 0 0 0 0.0025126
0 0 0.008399 0.0019724 0 0.0042463 0 0.00050251
0 0.019455 0.00052493 0 0 0 0 0
0 0 0.0047244 0 0 0 0.034985 0
0 0 0.007874 0.0019724 0.0074349 0.0021231 0 0.00050251
0.0061224 0 0 0 0 0 0 0.0075377
0.0010204 0 0.0068241 0.0039448 0 0 0 0.0015075
0 0.0029183 0.0031496 0.0098619 0 0 0 0.001005
0.0040816 0.00097276 0 0.00098619 0 0 0 0.0075377
0 0.01751 0.00052493 0 0 0 0 0.001005
0 0 0.0041995 0.0059172 0.011152 0 0.011662 0
0 0.0019455 0.0015748 0.015779 0 0 0 0
0.0010204 0 0.016273 0.0098619 0 0.0042463 0.014577 0.00050251
0.0081633 0.0068093 0.0062992 0.00098619 0 0 0.0029155 0.0095477
0.0030612 0.0048638 0.0094488 0.0059172 0.0074349 0.0063694 0.0058309 0.0045226
0 0 0.024147 0 0.0074349 0 0 0
0.0061224 0.0019455 0.0015748 0 0.0037175 0.0021231 0 0.017588
0.0030612 0.10798 0.0052493 0.012821 0.01487 0 0.0087464 0.0040201
0 0 0.11339 0 0 0.014862 0.0029155 0.00050251
0 0.00097276 0.0026247 0.0039448 0 0 0.0058309 0.0015075
0.0030612 0 0 0 0 0 0 0.0060302
0 0 0.0073491 0.00098619 0 0 0 0
0 0 0 0 0 0 0.046647 0
0.0061224 0 0 0 0 0 0 0.0045226
0.0030612 0.016537 0.015748 0.015779 0.0074349 0.0042463 0.0029155 0.01005
0.0081633 0 0.0015748 0 0 0 0 0.0045226
0 0 0.0094488 0 0.0037175 0 0 0.00050251
0 0 0.0068241 0.0039448 0.0074349 0.0021231 0 0
0 0 0.0073491 0.00098619 0.0074349 0.0021231 0.0029155 0.00050251
0.0010204 0 0.008399 0 0 0 0 0.0015075
0.0020408 0.0077821 0.0026247 0.0029586 0 0.0021231 0 0.00050251
0 0 0.0031496 0.012821 0.0037175 0 0 0
0 0 0.0047244 0.0088757 0.0037175 0 0 0.00050251
0 0 0.0047244 0 0 0 0.03207 0
0.0010204 0.0019455 0.0052493 0 0 0.0042463 0 0.0025126
0 0.00097276 0.0057743 0.004931 0.011152 0 0 0
0 0.0029183 0.0068241 0 0 0.0042463 0.0058309 0
0 0 0.0015748 0 0.063197 0 0 0
0 0 0.0010499 0.016765 0 0 0.0029155 0
0 0.00097276 0.0036745 0.011834 0 0 0 0
0.0040816 0.0107 0.0010499 0.00098619 0 0 0.0029155 0.00050251
0 0 0.010499 0 0 0 0 0
0 0.00097276 0.0020997 0.011834 0.011152 0 0 0
0 0.019455 0 0 0 0 0 0
0.0020408 0 0.011024 0.013807 0.018587 0 0.0087464 0.001005
0.0010204 0 0.016798 0.00098619 0 0.0042463 0.017493 0.0020101
0.0010204 0.0019455 0.011024 0.014793 0 0.0063694 0 0.0020101
0 0.00097276 0.008399 0.019724 0.018587 0 0.011662 0
0.0030612 0 0.011549 0.0059172 0 0.0042463 0.0058309 0.0055276
0.0020408 0.076848 0.00052493 0 0 0.0021231 0 0.0015075
0.0061224 0 0.0036745 0.0019724 0 0 0 0.0020101
0 0.0087549 0.0020997 0.0059172 0 0 0 0
0 0 0.0036745 0.0039448 0.0074349 0 0.017493 0
0 0.00097276 0.0089239 0 0.0037175 0 0 0
0.0071429 0 0.00052493 0 0 0 0 0.0055276
0.0010204 0 0.0068241 0 0 0 0 0.0025126
0 0 0.0094488 0.00098619 0 0 0 0
0.0010204 0 0.0068241 0 0.0037175 0 0.0058309 0.001005
0.012245 0 0 0 0 0 0 0.0035176
0 0 0.0068241 0.0039448 0 0 0.0029155 0.00050251
0 0 0.008399 0 0 0 0 0.0015075
0 0 0.0052493 0.0069034 0 0 0.0029155 0.00050251
0.0010204 0.0048638 0.0026247 0 0 0.0021231 0 0.0035176
0.0040816 0 0.0010499 0 0 0.0042463 0 0.0055276
0.020408 0.016537 0.40157 0.45957 0.4461 0.014862 0.25073 0.047236
0.1551 0.022374 0.018898 0.0039448 0.011152 0.0063694 0.0087464 0.16734
0 0 0.0047244 0 0 0.0021231 0 0.0020101
0.0020408 0 0.0031496 0.00098619 0 0 0.011662 0.00050251
0 0.00097276 0.0047244 0 0.011152 0.0021231 0 0
0 0 0.0031496 0.00098619 0.0037175 0.012739 0 0
0 0 0 0.00098619 0 0.027601 0 0
0 0.00097276 0.0031496 0.0069034 0 0 0 0
0 0 0.0020997 0 0 0.0084926 0.017493 0
0 0.0087549 0.0015748 0.00098619 0 0.0021231 0 0
0 0 0.0073491 0 0 0 0 0
0.0061224 0 0.010499 0 0 0 0 0.0085427
0.0081633 0.0077821 0.0015748 0 0 0 0.0029155 0.011055
0.0020408 0.0019455 0.0062992 0.021696 0.01487 0 0 0
0 0 0.015223 0.0029586 0.0074349 0 0.023324 0
0.019388 0 0.00052493 0 0 0 0 0.011055
0 0.018482 0.026772 0 0 0.012739 0.0029155 0
0 0 0 0.017751 0 0 0 0
0.0030612 0.0029183 0.0041995 0 0 0 0 0.0020101
0.0040816 0 0.0010499 0 0 0 0 0.0060302
0 0 0.0036745 0 0.0037175 0.0042463 0 0.0040201
0 0 0.0057743 0.0019724 0.0074349 0 0.0087464 0
0 0 0.0036745 0.00098619 0.01487 0 0.017493 0
0 0 0.0052493 0.0078895 0 0 0 0
0 0 0.0057743 0 0 0.0063694 0.011662 0
0 0.0038911 0.0031496 0.0059172 0 0 0.0029155 0.00050251
0 0.00097276 0.0068241 0 0.0074349 0.0021231 0 0.00050251
0.0061224 0 0.0020997 0.0039448 0 0 0 0.0020101
0.0040816 0 0.0031496 0 0 0 0 0.0040201
0 0.0058366 0.0036745 0.004931 0 0 0 0
0 0.016537 0.00052493 0 0 0 0 0
0 0.0107 0.0031496 0.00098619 0 0 0 0
0 0 0.00052493 0.00098619 0.0074349 0.029724 0 0
0 0.01751 0 0 0 0 0 0
0 0 0.0020997 0.0019724 0.0037175 0.021231 0 0.00050251
0 0 0.018373 0.00098619 0.0074349 0.0021231 0.0058309 0
0.0020408 0.016537 0.0057743 0.004931 0 0 0.0087464 0.0015075
0 0 0.029396 0.00098619 0 0.029724 0 0.0020101
0.0061224 0 0.014173 0 0 0 0 0.0035176
0 0 0.018373 0.0029586 0.0037175 0 0 0.00050251
0.0020408 0.0038911 0.021522 0.0019724 0.011152 0.010616 0.0087464 0.0065327
0 0.0068093 0.074016 0.00098619 0 0.023355 0.026239 0
0 0.012646 0 0 0 0 0 0
0 0 0.0062992 0 0 0 0 0.00050251
0 0 0.0052493 0 0 0 0.0087464 0
0 0 0.0062992 0 0 0 0 0.00050251
0.0020408 0.00097276 0.0010499 0 0 0 0.0058309 0.0030151
0 0 0.0015748 0 0.037175 0 0 0
0 0 0.0010499 0.00098619 0.018587 0.0021231 0.0087464 0.00050251
0 0 0.0010499 0 0 0.0063694 0.023324 0
0 0.00097276 0.0041995 0.0029586 0 0 0 0.00050251
0.0010204 0 0.0010499 0.004931 0 0.010616 0 0
0 0 0.0010499 0.0039448 0.011152 0.0084926 0 0
0 0 0.0068241 0 0 0 0 0
0 0.00097276 0.0015748 0.0059172 0 0 0.0087464 0
0 0 0 0.012821 0 0 0 0
0.0010204 0.00097276 0.012598 0.0019724 0 0.0063694 0.020408 0.00050251
0.0091837 0 0.0057743 0 0 0 0 0.0095477
0.005102 0.018482 0.0031496 0 0 0.0021231 0 0.020101
0 0 0.0041995 0.0039448 0 0.010616 0 0
0.0010204 0 0.0020997 0.0098619 0.0037175 0 0.0029155 0
0 0.0019455 0.0010499 0.012821 0 0 0 0
0 0 0.00052493 0.014793 0 0 0.0029155 0
0 0 0.0052493 0 0 0 0.020408 0
0 0 0.0031496 0.010848 0 0 0 0
0.0061224 0 0.0010499 0 0 0 0 0.0045226
0 0 0.0089239 0 0 0 0 0
0.010204 0 0.0010499 0.0029586 0.0037175 0 0.0029155 0
0 0 0.00052493 0 0 0 0.046647 0
0 0 0.0026247 0.0069034 0 0 0.0029155 0.0020101
0 0 0.0089239 0 0 0 0 0
0 0.00097276 0.0073491 0.00098619 0 0 0 0.00050251
0 0.00097276 0.0062992 0.0029586 0 0.0021231 0 0
0.0061224 0 0.00052493 0 0 0 0 0.0050251
0 0.0068093 0 0.0098619 0 0 0 0
0 0 0 0.015779 0 0 0.0029155 0
0 0 0.0036745 0.0098619 0 0 0 0
0 0.0058366 0.0041995 0.00098619 0 0 0.0058309 0
0 0 0 0.015779 0 0 0.0029155 0
0.0030612 0 0 0 0 0 0 0.0070352
0.0010204 0.0058366 0.0020997 0.0019724 0.0037175 0 0.0029155 0.001005
0 0 0 0.016765 0 0 0 0
0 0.016537 0 0 0 0 0 0
0 0 0 0.016765 0 0 0 0
0 0 0.007874 0.091716 0.011152 0 0.0029155 0
0.0020408 0 0.013648 0.0039448 0 0.0042463 0.0058309 0.001005
0.0010204 0.0107 0.0036745 0.011834 0.011152 0 0 0.0020101
0.0020408 0.012646 0.0031496 0.004931 0.0074349 0.0021231 0.0058309 0.0030151
0 0.00097276 0.012598 0.029586 0.0074349 0 0.026239 0.00050251
0 0.00097276 0.011024 0.010848 0 0 0.0029155 0.001005
0 0.00097276 0.00052493 0.030572 0.0074349 0 0 0.00050251
0 0.022374 0.0026247 0.0078895 0 0 0 0
0 0 0.0047244 0.004931 0.0074349 0 0 0
0.0020408 0.0019455 0.0020997 0 0 0 0 0.0040201
0 0 0.0073491 0.00098619 0 0.0021231 0 0
0.0030612 0 0.0031496 0.00098619 0 0 0.017493 0
0 0 0.0057743 0.004931 0 0 0 0
0 0 0.0010499 0 0 0.023355 0 0.0015075
0.0061224 0 0.0020997 0 0 0 0 0.0030151
0.0030612 0 0.0010499 0.0039448 0 0 0 0.0035176
0 0.0077821 0.0010499 0 0 0.0021231 0 0.0025126
0.0030612 0 0 0.0029586 0 0 0 0.0050251
0 0.0048638 0.0036745 0.0019724 0.0037175 0 0.0029155 0
0 0 0.008399 0 0 0 0 0
0 0 0.0015748 0 0 0.0021231 0.0029155 0.0055276
0 0 0.0041995 0.00098619 0 0 0.020408 0
0 0 0.0010499 0.011834 0 0 0.0058309 0
0 0.013619 0.0010499 0 0 0 0 0
0.0020408 0.0038911 0.0026247 0.0029586 0.0037175 0 0 0.00050251
0 0 0.0047244 0.025641 0 0 0 0
0.0040816 0.016537 0.0031496 0.00098619 0 0 0.0029155 0.0030151
0 0 0.0026247 0 0 0.063694 0 0
0.0010204 0 0.0047244 0 0 0 0 0.001005
0 0 0.0036745 0.004931 0 0 0 0
0 0 0.0020997 0.0039448 0 0 0.011662 0
0.0061224 0 0 0 0 0 0 0.0030151
0 0 0.0020997 0 0.0037175 0 0.020408 0
0 0 0 0.011834 0 0 0 0
0 0 0.0031496 0.0039448 0 0.0042463 0 0
0.0010204 0.00097276 0.025197 0.025641 0.033457 0 0.029155 0.001005
0 0 0.0089239 0.0069034 0.0037175 0 0.0087464 0.0030151
0.0010204 0.0029183 0.007874 0.010848 0.0074349 0 0.0058309 0
0.005102 0.024319 0.007874 0.022682 0.026022 0 0.03207 0.0040201
0 0.0058366 0.0062992 0.069034 0 0 0.0058309 0.0015075
0 0.0058366 0.011549 0.00098619 0 0.0021231 0 0.0015075
0 0 0 0.029586 0.011152 0 0 0
0.0010204 0 0.0015748 0.0029586 0.011152 0 0.0029155 0.0020101
0 0 0.0047244 0 0.0037175 0 0.014577 0
0.0010204 0 0.0031496 0.00098619 0.0037175 0 0.0087464 0.0015075
0 0.00097276 0.0073491 0 0 0 0 0
0 0 0 0.013807 0 0 0.0029155 0
0 0 0.0020997 0 0.0037175 0 0.029155 0
0 0 0.007874 0 0 0 0 0
0.0020408 0 0 0 0 0.0021231 0 0.0060302
0 0.00097276 0.0020997 0.0098619 0 0 0 0
0.0010204 0 0.0026247 0.0069034 0 0 0 0.001005
0.0020408 0 0.0015748 0 0 0 0 0.0050251
0 0.00097276 0.0041995 0 0 0.0021231 0.014577 0
0 0 0.0036745 0.0078895 0 0 0 0
0.0061224 0 0.00052493 0 0 0 0 0.0040201
0 0.0038911 0.0010499 0.0078895 0.0037175 0 0 0
0 0 0.0026247 0.0039448 0 0.0042463 0 0.0020101
0.016327 0 0.0047244 0.00098619 0 0.010616 0 0.038191
0 0.0019455 0.015223 0 0 0 0.0029155 0
0.0010204 0.0058366 0.0036745 0.016765 0 0 0 0.00050251
0.0030612 0.0048638 0.014698 0.00098619 0 0.025478 0 0.0035176
0.0040816 0.0058366 0.007874 0.040434 0.048327 0.0042463 0.0058309 0.0020101
0 0.048638 0.0015748 0.0019724 0 0 0 0
0.0040816 0.0048638 0.0094488 0.0029586 0.011152 0 0.0058309 0.01005
0.0030612 0.0019455 0.008399 0.0069034 0 0 0.0029155 0.001005
0.0061224 0.0038911 0.0062992 0.0039448 0 0.0021231 0.0029155 0.0015075
0.0040816 0.0029183 0.027297 0.0098619 0.0074349 0.0021231 0.014577 0.0040201
0 0 0.0052493 0 0 0 0.0029155 0
0.0030612 0 0.00052493 0.00098619 0 0 0 0.0030151
0 0 0.00052493 0.0019724 0.011152 0 0.014577 0
0 0 0.0041995 0 0.0074349 0 0.0029155 0
0 0 0.0031496 0 0.018587 0 0 0
0 0 0.0031496 0 0 0.0021231 0.011662 0
0 0.00097276 0.0031496 0.0039448 0 0 0 0
0 0 0.0020997 0 0 0 0.020408 0
0 0 0 0.010848 0 0 0 0
0 0 0.0015748 0 0 0 0.023324 0
0 0.0038911 0 0.0069034 0 0 0 0
0 0 0.0026247 0.00098619 0.011152 0.0042463 0 0
0.0030612 0.0029183 0.007874 0 0.0074349 0 0 0.0035176
0 0.0048638 0.024672 0.030572 0.0037175 0.0042463 0.081633 0.001005
0 0 0 0.013807 0 0 0 0
0 0.0107 0.0015748 0 0 0 0 0
0 0 0.0052493 0.00098619 0 0 0.0087464 0
0 0.00097276 0.0026247 0.0078895 0 0 0 0
0 0 0 0 0.052045 0 0 0
0 0 0.0047244 0.0039448 0.0037175 0 0 0
0 0 0.0047244 0.0019724 0.0037175 0 0.0058309 0
0 0 0.0010499 0 0 0 0.03207 0.00050251
0 0 0.0036745 0 0.018587 0 0.0058309 0
0 0 0.00052493 0 0.048327 0 0 0
0.0010204 0 0.0062992 0 0 0 0.0029155 0
0.0030612 0 0.0031496 0.00098619 0.0074349 0 0.0029155 0.00050251
0 0.0038911 0.0015748 0.0059172 0.0037175 0 0 0
0 0 0.0010499 0.011834 0 0 0 0
0 0 0.0020997 0.0078895 0.0037175 0 0 0.00050251
0 0 0.00052493 0.0019724 0.040892 0 0 0
0 0.0097276 0.0010499 0 0 0 0 0.001005
0 0 0.0020997 0.0098619 0 0 0 0
0.0040816 0 0.00052493 0.0029586 0 0 0 0.0030151
0.0010204 0 0.0031496 0 0 0 0 0.0035176
0 0 0.0073491 0 0 0 0 0
0.0030612 0.0019455 0.0010499 0 0 0.0042463 0 0.0025126
0.0020408 0 0.00052493 0 0.0074349 0 0 0.0045226
0 0.00097276 0.0031496 0.0039448 0 0 0 0.0015075
0 0.00097276 0.0052493 0.0029586 0 0 0 0
0.0010204 0.0038911 0.0010499 0.00098619 0.0074349 0.0021231 0 0.0015075
0 0 0.0062992 0.00098619 0 0 0 0.00050251
0 0.00097276 0.0062992 0.00098619 0 0 0 0
0 0.0019455 0.0026247 0.0019724 0.01487 0 0.0029155 0
0.0030612 0 0 0.00098619 0 0 0 0.0050251
0 0 0.0026247 0.0088757 0 0 0 0
0 0 0.0015748 0.010848 0 0 0 0
0 0.00097276 0.0026247 0.0078895 0 0 0 0
0 0 0.010499 0.010848 0 0.0063694 0.13411 0
0.0020408 0 0.0026247 0.021696 0 0 0 0
0 0 0.015223 0 0 0 0 0
0.0010204 0 0.014698 0.025641 0.0074349 0 0.055394 0
0 0 0.0026247 0 0 0 0.067055 0
0.0020408 0.0019455 0.0036745 0.0059172 0.0037175 0.0042463 0.0029155 0.0035176
0.0010204 0.0077821 0.0010499 0.0039448 0.04461 0 0 0.00050251
0.0010204 0.020428 0.0010499 0.00098619 0.0037175 0 0 0.001005
0.0010204 0 0.012073 0 0 0 0 0.0020101
0.0010204 0.015564 0.0015748 0 0.0037175 0.0021231 0.0029155 0.0025126
0.0010204 0.0058366 0.020472 0.0088757 0.02974 0.0021231 0 0.0055276
0.0020408 0.0038911 0.018373 0.016765 0.0037175 0 0.037901 0.001005
0.0020408 0.029183 0.0031496 0.0019724 0.018587 0 0 0.001005
0 0 0 0.00098619 0.04461 0 0 0
0 0.00097276 0.0031496 0.00098619 0 0.0021231 0 0.0020101
0 0 0.0068241 0 0 0 0 0
0 0.012646 0 0 0 0 0 0
0 0 0.0041995 0 0.018587 0 0 0
0.0030612 0 0 0 0 0 0 0.0050251
0 0 0.0036745 0 0 0 0.017493 0
0 0 0 0.0019724 0.040892 0 0 0
0 0 0.0068241 0 0 0 0 0
0 0.00097276 0.0036745 0.004931 0 0 0 0
0 0.00097276 0.0041995 0 0.011152 0.0021231 0 0
0 0 0.0041995 0 0 0 0.0087464 0.001005
0 0.0019455 0.0015748 0.00098619 0.0037175 0.0021231 0.0087464 0.001005
0 0.0068093 0.0026247 0 0 0 0 0.00050251
0 0.00097276 0.0041995 0 0.0037175 0.0021231 0.0029155 0.00050251
0 0 0.0036745 0.0029586 0.0037175 0.0021231 0 0.00050251
0.0020408 0 0.0026247 0 0 0 0 0.0030151
0 0 0 0.0059172 0.022305 0 0 0.00050251
0 0 0.0047244 0 0.0037175 0.0042463 0 0.00050251
0 0 0.0031496 0 0 0 0 0.0035176
0 0 0.0057743 0 0 0.0042463 0 0
0 0 0.0015748 0 0 0.021231 0 0
0.005102 0.00097276 0.0026247 0 0 0 0 0.001005
0.0010204 0 0 0 0 0 0 0.0060302
0 0.00097276 0.0062992 0 0 0 0 0
0 0 0.0020997 0.0078895 0.0037175 0 0 0
0 0 0.0047244 0.00098619 0.0037175 0 0.0058309 0
0.0030612 0 0.0010499 0 0 0 0 0.0040201
0.0040816 0 0.0031496 0 0 0 0 0.0015075
0 0 0 0.012821 0 0 0 0
0 0 0 0.012821 0 0 0 0
0 0.0038911 0 0 0 0 0.026239 0
0 0 0.010499 0.0039448 0.0074349 0 0 0.00050251
0 0 0.013123 0 0 0 0.0058309 0
0 0 0.0041995 0.014793 0.0037175 0 0.0087464 0
0 0 0.013648 0.00098619 0 0 0 0
0.0030612 0 0.0026247 0.010848 0 0 0 0.0040201
0 0 0.0041995 0 0 0.0021231 0 0.00050251
0 0.00097276 0.0026247 0 0 0 0.011662 0
0 0 0 0.0098619 0 0 0 0
0 0.00097276 0.0036745 0.0019724 0 0 0 0
0 0 0.0026247 0 0 0.0021231 0.011662 0
0 0 0 0.0098619 0 0 0 0
0.0020408 0 0.0015748 0.0019724 0.0074349 0.0021231 0 0
0 0 0.0041995 0.00098619 0 0 0 0.00050251
0 0 0.0041995 0.00098619 0 0 0.0029155 0
0 0 0.0026247 0 0 0 0.014577 0
0.0071429 0 0 0 0 0 0 0.0015075
0 0 0.0052493 0 0 0 0 0
0.005102 0 0 0.00098619 0 0 0 0.0020101
0 0 0.0041995 0.0019724 0 0 0 0
0 0 0.0052493 0 0 0 0 0
0 0 0.00052493 0.0078895 0 0 0 0.00050251
0 0 0.00052493 0.004931 0 0 0.0058309 0.001005
0 0 0.0026247 0.004931 0 0 0 0
0.0030612 0.00097276 0.0031496 0.00098619 0.11524 0 0 0.0020101
0.0010204 0.0019455 0.013123 0.014793 0.0037175 0 0.0029155 0.00050251
0.013265 0.0019455 0.008399 0 0 0 0 0.0075377
0.0091837 0.00097276 0.0031496 0 0 0.0021231 0 0.014573
0.063265 0 0.008399 0 0 0.0021231 0 0.063819
0 0 0.0015748 0.014793 0.011152 0 0 0
0 0 0.010499 0 0.022305 0 0 0
0.0010204 0 0.007874 0.0019724 0.0037175 0.0042463 0.0029155 0.0020101
0 0 0.0010499 0.023669 0 0 0 0
0 0.024319 0 0.00098619 0 0 0 0
0.027551 0.089494 0.020472 0.0019724 0.0074349 0.014862 0 0.027638
0 0.0038911 0.0089239 0.0069034 0.011152 0 0.10204 0.00050251
0.017347 0 0 0 0 0 0 0.013568
0 0 0.0031496 0.018738 0 0 0.11953 0
0.0040816 0.013619 0.014698 0.0098619 0.01487 0 0.0058309 0.0015075
0 0 0.0094488 0.004931 0 0 0.0029155 0.00050251
0.0010204 0 0.0073491 0 0 0.012739 0 0.0020101
0.0030612 0.00097276 0.0041995 0.0039448 0 0.0021231 0 0.0040201
0 0.024319 0 0 0 0 0 0
0 0 0.008399 0.0019724 0.055762 0 0.026239 0
0.012245 0.00097276 0.074541 0.0019724 0.018587 0.010616 0.0029155 0.019598
0 0 0.0015748 0 0 0 0.026239 0
0 0 0.0041995 0 0 0 0 0.0020101
0 0.0068093 0.0020997 0 0 0.0021231 0 0
0 0 0.0052493 0 0 0.0021231 0 0.00050251
0 0 0.0020997 0 0 0 0.023324 0
0 0 0.0041995 0.0019724 0.0074349 0 0 0
0.0010204 0 0.0047244 0.00098619 0.0037175 0 0 0
0 0 0.0010499 0.0039448 0 0 0.017493 0
0 0 0.0020997 0.0078895 0 0 0 0
0 0 0.0010499 0.0069034 0 0 0.0058309 0.00050251
0 0.0068093 0.00052493 0.0019724 0 0 0.0029155 0.00050251
0.0020408 0 0 0 0 0.016985 0 0.001005
0.0010204 0.0029183 0.00052493 0.00098619 0.0037175 0 0 0.0025126
0 0.0019455 0.0020997 0 0.022305 0 0 0
0 0 0.0031496 0 0 0 0.017493 0
0 0.0068093 0 0.0039448 0 0 0 0.00050251
0 0 0.0020997 0 0.018587 0 0.0087464 0
0 0 0.0026247 0.0019724 0 0 0.011662 0.00050251
0 0 0.0057743 0.00098619 0 0 0 0
0 0 0.0015748 0 0 0 0 0.0045226
0 0 0.0026247 0.0059172 0 0.0021231 0 0
0.005102 0 0 0 0 0 0 0.0035176
0.0020408 0.0038911 0 0 0 0 0 0.0030151
0.005102 0 0 0 0 0 0 0.0035176
0 0 0.0062992 0 0 0 0 0
0 0.0029183 0.0036745 0 0.0037175 0.0021231 0 0
0.0030612 0 0.00052493 0 0 0.0021231 0 0.0035176
0 0 0.0057743 0 0 0.0021231 0 0
0 0 0.0010499 0.0019724 0.02974 0 0 0
0.0030612 0 0 0 0 0 0 0.0045226
0.0010204 0.0097276 0 0 0 0 0 0.00050251
0.0020408 0.00097276 0.0015748 0 0 0.0042463 0 0.0020101
0 0 0.0062992 0 0 0 0 0
0 0 0 0 0.04461 0 0 0
0 0.0019455 0.0036745 0.0019724 0 0 0 0.00050251
0 0.011673 0 0 0 0 0 0
0 0 0.0062992 0 0 0 0 0
0.0081633 0.0068093 0.0031496 0 0 0.0042463 0.0029155 0.0085427
0.0030612 0.0019455 0.0026247 0.0088757 0.0074349 0 0 0.0015075
0 0 0.012598 0 0 0 0 0
0.0010204 0.0019455 0.0062992 0.0029586 0.0037175 0 0 0.0025126
0 0 0.0052493 0.013807 0 0 0 0
0 0.0029183 0.0010499 0.016765 0 0 0.0058309 0
0.0010204 0.0029183 0.0073491 0.0019724 0 0 0.0029155 0.0015075
0 0 0.0010499 0.021696 0 0 0 0
0.0020408 0.0097276 0.014698 0.017751 0.01487 0 0.017493 0.0070352
0 0.00097276 0.018373 0.019724 0.018587 0 0.058309 0.00050251
0.0010204 0.0077821 0.016273 0.004931 0 0 0.040816 0
0 0.0038911 0.008399 0.0098619 0.0037175 0 0.023324 0
0 0 0.0036745 0 0.0074349 0 0 0
0 0 0 0 0 0 0.026239 0
0 0 0.0026247 0 0 0 0.011662 0
0 0 0.0020997 0 0 0 0 0.0025126
0.0010204 0 0.0031496 0 0 0.0042463 0 0
0 0 0.0041995 0 0.0037175 0 0 0
0 0 0.0041995 0 0 0 0.0029155 0
0 0 0.0031496 0.0029586 0 0 0 0
0 0 0.0036745 0 0 0 0 0.001005
0 0.00097276 0.0036745 0.00098619 0 0 0 0
0.0040816 0 0 0 0 0 0 0.0025126
0 0 0.0020997 0.004931 0 0 0 0
0 0 0.0031496 0 0 0.0021231 0.0058309 0
0 0.0087549 0 0 0 0 0 0
0 0 0 0.0088757 0 0 0 0
0.0061224 0.0029183 0.0031496 0 0 0 0 0.0040201
0 0 0.0041995 0.0029586 0.033457 0 0 0.0015075
0 0 0.0099738 0.0019724 0.0074349 0 0 0
0 0 0.0031496 0.016765 0 0 0 0
0.0010204 0.0058366 0.0015748 0.0019724 0.0074349 0 0 0.0045226
0 0.0087549 0.014173 0.010848 0.01487 0 0.0058309 0.0020101
0.0081633 0.0029183 0.0047244 0.0019724 0.0037175 0 0 0.017085
0.0010204 0.0087549 0.0057743 0.0019724 0.01487 0.0042463 0 0.0045226
0 0 0.0010499 0 0.0037175 0 0.099125 0.00050251
0.005102 0.0038911 0.014698 0.0039448 0.022305 0.0063694 0 0.0045226
0 0 0 0.035503 0.0037175 0 0 0
0.0010204 0.0019455 0.0026247 0.00098619 0.022305 0.0021231 0.0029155 0.0025126
0 0.0038911 0.0036745 0.0088757 0.0074349 0 0 0
0.0040816 0 0.0010499 0 0.0037175 0 0 0.0075377
0 0 0.010499 0 0 0 0 0.001005
0 0.018482 0.0010499 0.00098619 0 0 0 0
0 0 0.011549 0 0 0 0 0
0 0 0.0041995 0.0019724 0 0 0 0.00050251
0.0010204 0 0.0052493 0 0 0 0 0
0 0 0.0020997 0.0029586 0.011152 0 0 0.00050251
0 0.00097276 0.0020997 0.004931 0 0 0 0.00050251
0 0 0.0047244 0.0019724 0 0 0 0
0.0020408 0 0.0026247 0 0 0 0 0.0020101
0 0 0.00052493 0 0 0 0.029155 0
0 0.00097276 0.0015748 0 0.022305 0 0.0029155 0
0 0 0 0 0.040892 0 0 0
0.0020408 0 0.0031496 0 0 0 0 0.0015075
0 0 0.0020997 0.0069034 0 0 0 0
0 0 0.0041995 0.00098619 0 0.0042463 0 0
0 0 0.0026247 0 0 0 0.017493 0
0 0 0.0036745 0.00098619 0 0 0 0.0015075
0 0 0.0057743 0 0 0 0 0
0 0 0.0057743 0 0 0 0 0
0 0 0.0057743 0 0 0 0 0
0 0 0.00052493 0.0098619 0 0 0 0
0 0 0.0015748 0.0078895 0 0 0 0
0 0 0.0026247 0.00098619 0.0037175 0.0063694 0 0.00050251
0 0 0.0015748 0.0059172 0 0.0021231 0.0029155 0
0 0 0.0015748 0.0069034 0 0 0 0.00050251
0 0 0 0 0 0 0.03207 0
0 0 0.0031496 0.004931 0 0 0 0
0 0.0019455 0.0010499 0 0 0 0.017493 0.00050251
0 0 0.0020997 0.0069034 0 0 0 0
0 0.0048638 0.00052493 0.0019724 0 0.0063694 0 0
0 0 0.0047244 0 0 0.0042463 0 0
0.0040816 0 0.0015748 0 0 0 0 0.0020101
0 0.0048638 0.0010499 0.0019724 0 0.0021231 0 0.00050251
0 0 0.0026247 0 0 0.0084926 0 0.001005
0 0 0.0020997 0.0069034 0 0 0 0
0 0.0058366 0.0010499 0 0 0 0 0.0015075
0 0.0107 0 0 0 0 0 0
0 0.0058366 0.00052493 0.0039448 0 0 0 0
0.0010204 0 0.022047 0.00098619 0 0.0042463 0 0.0040201
0 0.049611 0.0015748 0 0 0 0 0
0.0010204 0.00097276 0.017848 0 0.018587 0 0.029155 0.0015075
0 0.0019455 0.011024 0.029586 0 0 0.0029155 0
0.005102 0 0.029921 0.0029586 0 0.0021231 0 0.0040201
0 0.00097276 0.017848 0.004931 0 0.0042463 0.03207 0
0.0061224 0.020428 0.007874 0.018738 0 0.0063694 0.22741 0.010553
0.0010204 0.011673 0.013123 0.010848 0 0 0 0.0015075
0 0.029183 0 0.0039448 0 0 0 0.00050251
0 0 0.0089239 0.00098619 0 0 0.0029155 0.001005
0 0.012646 0.0036745 0.00098619 0 0 0 0
0 0.0029183 0.0031496 0.0059172 0.0074349 0.0021231 0 0.0015075
0.0030612 0.0038911 0.00052493 0 0 0 0 0.0065327
0 0 0.0015748 0 0 0 0.052478 0
0.0020408 0.0068093 0.00052493 0 0 0.0021231 0 0.0050251
0.0020408 0.0048638 0.0031496 0.0059172 0 0 0 0.001005
0 0 0 0 0.078067 0 0 0
0 0.00097276 0.0099738 0.048323 0 0 0 0.00050251
0 0.0029183 0.0094488 0.026627 0.0037175 0 0.0058309 0
0 0.00097276 0.015748 0.016765 0.0037175 0 0 0.001005
0.0071429 0.11479 0.0047244 0 0 0.0042463 0 0.0095477
0.0040816 0.0048638 0.0057743 0 0.0037175 0.0042463 0.0029155 0.0050251
0 0 0.00052493 0.031558 0.0037175 0 0 0
0.005102 0.00097276 0.032021 0.042406 0.02974 0.0021231 0.069971 0.0055276
0.005102 0.3356 0.0094488 0.0019724 0 0.0021231 0 0.0050251
0.012245 0 0.0020997 0.00098619 0 0.0021231 0 0.01608
0 0 0.014173 0.0088757 0.026022 0 0.017493 0
0.016327 0 0.0047244 0.00098619 0 0.010616 0 0.038191
0.0061224 0.0107 0.0047244 0.0029586 0.01487 0.0084926 0.0058309 0.0050251
0.005102 0.0019455 0.008399 0.00098619 0.0037175 0.0021231 0 0.0035176
0.0071429 0 0 0 0 0 0 0.013065
0.0010204 0 0.0089239 0.00098619 0 0.0021231 0 0
0 0.019455 0 0 0 0 0 0
0 0.00097276 0.0010499 0.012821 0.0074349 0 0 0.001005
0.0020408 0 0.0057743 0.004931 0 0.0042463 0 0
0 0 0 0.019724 0 0 0 0
0.0020408 0.00097276 0.0015748 0.004931 0 0.0042463 0.0087464 0.0020101
0 0 0.0015748 0.016765 0 0 0 0
0 0 0.0026247 0 0 0.031847 0 0
0.0020408 0.0048638 0.012598 0.004931 0.0074349 0 0 0.0050251
0.0020408 0.021401 0.0089239 0 0 0.0021231 0.0087464 0.0015075
0 0.0029183 0.012073 0.0286 0.011152 0 0.017493 0.00050251
0.0081633 0 0.00052493 0 0 0 0 0.011558
0 0 0.0031496 0 0 0.0021231 0.0029155 0
0 0.0077821 0 0 0 0 0 0
0 0 0.0041995 0 0 0 0 0
0 0 0.0015748 0.0019724 0 0 0.0087464 0
0 0 0.0041995 0 0 0 0 0
0 0 0.0020997 0.0039448 0 0 0 0
0 0 0.0015748 0.004931 0 0 0 0
0 0 0.0020997 0.0019724 0 0.0042463 0 0
0 0.0019455 0.0031496 0 0 0 0 0
