11 43
10 46
8 41
7 31
6 44
5 88
5 50
5 29
5 42
5 81
5 40
5 37
5 29
5 31
5 26
5 30
5 26
5 26
5 34
5 26
5 25
5 41
5 39
5 25
5 102
5 40
5 37
5 38
5 27
5 28
5 39
5 37
5 25
4 32
4 29
4 35
4 38
4 34
4 29
4 27
4 25
4 27
4 46
4 30
4 29
4 64
4 28
4 30
4 55
4 45
4 36
4 44
4 43
4 41
4 40
4 38
4 25
4 30
4 30
4 27
4 26
4 26
4 65
4 26
4 33
4 29
4 36
4 25
4 43
4 27
4 25
4 29
4 29
4 38
4 38
4 39
4 43
4 41
4 61
4 36
4 58
4 42
4 43
4 29
4 56
4 27
4 42
4 37
4 25
4 49
4 45
4 38
4 37
4 28
4 27
4 85
4 30
4 31
4 25
4 35
4 37
4 40
4 40
4 25
4 43
4 43
4 25
4 53
4 59
4 25
4 31
4 39
4 27
4 45
3 69
3 33
3 31
3 44
3 25
3 53
3 28
3 36
3 28
3 69
3 38
3 26
3 102
3 32
3 30
3 26
3 29
3 30
3 27
3 27
3 25
3 34
3 29
3 27
3 59
3 27
3 31
3 29
3 25
3 37
3 30
3 26
3 25
3 41
2 29
2 32
2 162
2 27
2 28
2 129
2 26
2 37
2 95
2 34
2 46
2 53
2 48
2 56
2 27
2 28
2 46
2 30
2 30
2 67
2 30
2 98
2 25
2 38
2 44
2 31
2 29
2 27
2 31
2 293
2 78
2 64
2 28
2 42
2 81
2 28
2 31
2 33
2 33
2 26
2 33
2 45
2 29
2 29
2 30
2 37
2 121
2 123
2 127
2 33
2 26
2 29
2 60
2 97
2 27
2 36
2 29
2 53
2 27
2 70
2 75
2 44
2 33
2 63
2 89
2 34
2 38
2 72
2 106
2 26
2 35
2 62
2 51
2 61
2 63
2 69
2 34
2 85
2 27
2 48
2 64
2 51
2 68
2 36
2 51
2 68
2 61
2 45
2 36
2 83
2 67
2 40
2 30
2 25
2 26
2 56
2 58
2 28
2 64
2 68
2 32
2 57
2 73
2 29
2 27
2 29
2 40
2 28
2 40
2 40
2 40
2 25
2 31
2 62
2 32
2 37
2 32
2 27
2 39
2 42
2 44
2 25
2 34
2 36
2 39
2 33
2 39
2 38
2 74
2 39
2 38
2 37
2 30
2 42
2 35
2 49
2 47
2 148
2 155
2 32
2 46
2 28
2 27
2 42
2 57
2 53
2 73
2 93
2 113
2 35
2 41
2 88
2 38
2 28
2 43
2 45
2 67
2 33
2 38
2 29
2 32
2 29
2 114
2 127
2 29
2 117
2 52
2 29
2 28
2 27
2 32
2 47
2 49
2 26
2 61
2 27
2 46
2 54
2 32
2 55
2 48
2 29
2 114
2 89
2 29
2 29
2 27
2 70
2 34
2 26
2 30
2 81
2 33
2 27
2 33
2 35
2 33
2 59
2 59
2 59
2 32
2 37
2 33
2 38
2 53
2 56
2 71
2 36
2 37
2 40
2 39
2 85
2 66
2 82
2 82
2 49
2 28
2 32
2 54
2 98
2 56
2 28
2 43
2 29
2 32
2 31
2 33
2 52
2 39
2 107
2 41
2 36
2 35
2 49
2 50
2 77
2 85
2 41
2 40
2 48
2 78
2 53
2 39
2 39
2 66
2 38
2 25
2 43
2 35
2 26
2 25
2 36
2 121
2 60
2 33
2 27
2 37
2 30
2 35
2 31
2 64
2 48
2 44
2 28
2 49
2 30
2 38
2 40
2 35
2 36
2 30
2 33
2 79
2 30
2 30
2 39
2 42
2 40
2 25
2 28
2 33
2 45
2 36
2 51
2 30
2 25
2 100
2 31
2 42
2 26
2 96
2 60
2 65
2 70
2 63
2 26
2 55
2 27
2 40
2 46
2 34
2 38
2 30
2 26
2 66
2 27
2 36
2 37
2 57
2 34
2 51
2 30
2 34
2 53
2 50
2 89
2 26
2 92
2 36
2 60
2 34
2 68
2 45
2 87
2 61
2 45
2 40
2 36
2 36
2 36
2 36
2 28
2 27
2 27
2 26
2 26
2 33
2 36
2 28
2 27
2 25
2 28
2 40
2 27
2 101
2 48
2 52
2 53
2 59
2 49
2 34
2 28
2 34
2 30
2 28
2 32
2 45
2 28
2 61
2 37
2 44
2 28
2 30
2 35
2 35
2 46
2 39
2 51
2 27
2 37
2 59
2 33
2 44
2 79
2 55
2 59
2 42
2 53
2 25
2 26
2 42
2 49
2 25
2 30
2 53
2 25
2 69
2 29
2 29
2 30
2 28
2 29
2 38
2 27
2 38
2 39
2 33
2 33
2 44
2 35
2 25
2 29
2 60
2 57
2 34
2 35
2 25
2 29
2 29
2 36
2 26
2 26
2 25
2 27
2 25
2 43
2 30
2 26
2 48
2 49
2 49
2 50
2 38
2 73
2 35
2 64
2 48
2 43
2 45
2 43
2 44
2 41
2 41
2 31
2 40
2 35
2 34
2 53
2 42
2 29
2 28
2 30
2 91
2 42
2 28
2 25
2 35
2 59
2 27
2 31
2 37
2 26
2 31
2 55
2 28
2 40
2 42
2 38
2 47
2 33
2 25
2 30
2 32
2 49
2 49
2 29
2 31
2 33
2 36
2 112
2 116
2 28
2 31
2 116
2 68
2 38
2 26
2 28
2 28
2 27
2 43
2 35
2 40
2 38
2 28
2 28
2 25
2 35
2 26
2 41
2 36
2 27
2 35
2 33
2 26
2 25
2 37
2 61
2 31
2 43
2 50
2 38
2 40
2 31
2 50
2 30
2 47
2 28
2 26
2 28
2 48
2 45
2 25
2 25
2 52
2 66
2 30
2 25
2 56
2 61
2 64
2 25
2 33
2 56
2 46
2 76
2 55
2 62
2 38
2 38
2 30
2 33
2 29
2 37
2 46
2 67
2 69
2 79
2 28
2 31
2 27
2 30
2 26
2 32
2 70
2 38
2 113
2 31
2 74
2 84
2 52
2 39
2 36
2 38
2 66
2 50
2 34
2 46
2 147
2 30
2 32
2 30
2 26
2 40
2 52
2 29
2 40
2 46
2 51
2 43
2 31
2 31
2 42
2 31
2 26
2 29
2 28
2 79
2 73
2 47
2 36
2 29
2 29
2 29
2 32
2 32
2 32
2 38
2 74
2 31
2 46
2 25
2 34
2 34
2 34
2 45
2 39
2 30
2 41
2 28
2 38
2 27
2 25
2 31
2 29
2 27
2 26
2 27
2 30
2 35
2 25
2 57
2 27
2 26
2 50
2 28
2 42
2 29
2 28
2 39
2 28
2 78
2 27
2 49
2 48
2 42
2 44
2 43
2 27
2 64
2 103
2 50
2 67
2 36
2 28
2 121
2 32
2 97
2 28
2 42
2 31
2 33
2 29
2 39
2 32
2 58
2 32
2 46
2 30
2 35
2 39
2 28
2 58
2 35
2 32
2 26
2 27
2 59
2 34
2 44
2 75
2 44
2 28
2 30
2 39
2 35
2 27
2 66
2 34
2 34
2 32
2 27
2 32
2 38
2 29
2 26
2 36
2 25
2 39
2 65
2 82
2 66
2 35
2 50
2 28
2 25
2 28
2 33
2 57
2 33
2 37
2 38
2 38
2 99
2 26
2 73
2 86
2 75
2 47
2 53
2 28
2 49
2 36
2 31
2 37
2 40
2 25
2 38
2 79
2 40
2 41
2 31
2 30
2 28
2 28
2 36
2 35
2 29
2 25
2 32
2 39
2 28
2 29
2 34
2 74
2 35
2 58
2 68
2 58
2 64
2 28
2 28
2 57
2 28
2 28
2 28
2 28
2 34
2 28
2 30
2 32
2 35
2 45
2 32
2 33
2 32
2 27
2 26
2 27
2 50
2 27
2 25
2 38
2 55
2 29
2 27
2 63
2 44
2 103
2 67
2 37
2 27
2 32
2 30
2 38
2 43
2 43
2 50
2 61
2 37
2 33
2 29
2 33
2 44
2 31
2 32
2 33
2 38
2 47
2 39
2 38
2 77
2 35
2 26
2 37
2 55
2 33
2 52
2 59
2 40
2 47
2 25
2 98
2 31
2 42
2 25
2 32
2 26
2 33
2 26
2 27
2 38
2 31
2 29
2 59
2 39
2 32
2 27
2 59
2 66
2 58
2 25
2 42
2 29
2 38
2 51
2 35
2 43
2 27
2 29
2 41
2 25
2 27
2 29
2 29
2 33
2 35
2 44
2 41
2 31
2 29
2 28
2 46
2 30
2 34
2 26
2 29
2 29
2 34
2 41
2 33
2 39
2 32
2 27
2 43
2 25
2 41
2 54
2 26
2 52
2 35
2 39
2 35
2 25
2 173
2 39
2 32
2 29
2 32
2 26
2 152
2 78
2 30
2 37
2 46
2 63
2 93
2 81
2 27
2 73
2 75
2 61
2 33
2 28
2 73
2 26
2 26
2 32
2 44
2 44
2 44
2 43
2 35
2 52
2 59
2 36
2 108
2 41
2 70
2 44
2 28
2 44
2 31
2 33
2 46
2 30
2 37
2 36
2 29
2 28
2 39
2 29
2 25
2 31
2 39
2 40
2 42
2 25
2 39
2 29
2 46
2 29
2 60
2 50
2 35
2 39
2 33
2 60
2 29
2 30
2 31
2 31
2 37
2 33
2 26
2 26
2 35
2 28
2 41
2 47
2 50
2 42
2 88
2 26
2 30
2 29
2 36
2 26
2 26
2 25
2 27
2 26
2 42
2 50
2 52
2 25
2 27
2 30
2 31
2 50
2 43
2 27
2 51
2 50
2 29
2 34
2 55
2 37
2 37
2 32
2 82
2 38
2 46
2 39
2 31
2 32
2 33
2 33
2 44
2 66
2 35
2 40
2 32
2 26
2 28
2 32
2 32
2 31
2 42
2 39
2 38
2 38
2 38
2 33
2 28
2 29
2 29
2 31
2 29
2 29
2 28
2 27
2 28
2 35
2 41
2 57
2 47
2 27
2 34
2 28
2 28
2 32
2 32
2 26
2 63
2 74
2 39
2 40
2 75
2 40
2 29
2 27
2 35
2 39
2 26
2 29
2 26
2 107
2 110
2 42
2 107
2 34
2 32
2 48
2 31
2 34
2 27
2 46
2 50
2 29
2 34
2 59
2 68
2 25
2 29
2 27
2 26
2 42
2 46
2 26
2 26
2 26
2 35
2 61
2 39
2 26
2 51
2 30
2 35
2 30
2 35
2 33
2 37
2 37
2 72
2 28
2 32
2 47
2 37
2 34
2 42
2 27
2 33
2 28
2 35
2 33
2 52
2 45
2 27
2 51
2 62
2 38
2 38
2 37
2 55
2 72
2 30
2 52
2 31
2 29
2 74
2 36
2 29
2 32
2 31
2 34
2 29
2 37
2 34
2 35
2 67
2 56
2 44
2 58
2 45
2 40
2 35
2 37
2 31
2 27
2 28
2 25
2 40
2 27
2 28
2 52
2 53
2 66
2 26
2 52
2 26
2 51
2 28
2 31
2 26
2 29
2 25
2 36
2 28
2 28
2 35
2 46
2 49
2 52
2 45
2 41
2 46
2 42
2 55
2 45
2 52
2 54
2 61
2 44
2 54
2 106
2 27
2 28
2 85
2 87
2 38
2 93
2 35
2 44
2 93
2 46
2 62
2 53
2 77
2 88
2 60
2 77
2 38
2 55
2 47
2 42
2 44
2 32
2 34
2 36
2 31
2 27
2 37
2 39
2 39
2 36
2 44
2 36
2 35
2 58
2 39
2 42
2 39
2 36
2 31
2 26
2 27
2 44
2 41
2 49
2 30
2 35
2 36
2 37
2 29
2 42
2 26
2 28
2 37
2 55
2 48
2 39
2 39
2 38
2 50
2 37
2 32
2 29
2 44
2 73
2 76
2 84
2 26
2 27
2 36
2 26
2 27
2 47
2 47
2 27
2 46
2 30
2 25
2 34
2 26
2 26
2 27
2 49
2 45
2 37
2 39
2 37
2 28
2 62
2 29
2 44
2 25
2 37
2 32
2 44
2 42
2 42
2 30
2 33
2 75
2 69
2 70
2 39
2 34
2 42
2 39
2 45
2 39
2 86
2 25
2 41
2 25
2 31
2 30
2 27
2 32
2 43
2 25
2 28
2 49
2 33
2 34
2 28
2 26
2 26
2 25
2 50
2 29
2 26
2 33
2 32
2 44
2 45
2 28
2 28
2 30
2 27
2 42
2 38
2 51
2 57
2 59
2 37
2 58
2 26
2 30
2 33
2 30
1 33
1 34
1 28
1 33
1 26
1 29
1 49
1 44
1 45
1 59
1 37
1 31
1 42
1 30
1 47
1 29
1 25
1 33
1 40
1 37
1 27
1 27
1 43
1 31
1 29
1 44
1 33
1 41
1 26
1 25
1 43
1 41
1 38
1 33
1 38
1 37
1 36
1 39
1 38
1 36
1 37
1 35
1 33
1 31
1 34
1 37
1 38
1 25
1 31
1 28
1 29
1 29
1 30
1 34
1 29
1 26
1 32
1 30
1 29
1 29
1 32
1 26
1 28
1 27
1 27
1 29
1 34
1 29
1 26
1 51
1 27
1 28
1 29
1 27
1 26
1 25
1 25
1 26
1 25
1 25
1 44
1 26
1 46
1 25
1 32
1 27
1 26
1 27
1 29
1 27
1 46
1 26
1 25
1 25
1 42
1 42
1 25
1 25
1 26
1 33
1 31
1 35
1 36
1 26
1 33
1 35
1 34
1 32
1 36
1 25
1 56
1 28
1 31
1 33
1 31
1 27
1 26
1 29
1 27
1 35
1 27
1 33
1 26
1 27
1 26
1 26
1 25
1 60
1 26
1 34
1 26
1 36
1 45
1 35
1 50
1 42
1 50
1 32
1 44
1 49
1 29
1 38
1 46
1 29
1 30
1 39
1 40
1 43
1 26
1 31
1 39
1 26
1 36
1 41
1 31
1 38
1 36
1 25
1 33
1 32
1 32
1 28
1 33
1 31
1 35
1 29
1 34
1 33
1 35
1 38
1 42
1 31
1 30
1 31
1 31
1 29
1 25
1 28
1 27
1 25
1 28
1 25
1 26
1 28
1 26
1 25
1 26
1 26
1 25
1 32
1 30
1 25
1 35
1 25
1 25
1 67
1 29
1 26
1 25
1 28
1 59
1 60
1 54
1 41
1 26
1 31
1 43
1 30
1 42
1 31
1 30
1 33
1 34
1 39
1 43
1 42
1 73
1 41
1 26
1 28
1 38
1 37
1 40
1 28
1 38
1 33
1 35
1 34
1 36