11 43
10 80
8 30
8 41
8 36
8 37
8 38
7 41
7 48
7 42
7 40
7 40
7 33
7 30
7 31
7 32
7 50
7 40
7 41
7 52
7 40
7 48
7 41
7 42
7 35
7 37
7 35
7 35
7 35
7 37
7 35
7 37
7 38
6 30
6 51
6 31
6 31
6 31
6 31
6 31
6 36
6 41
6 74
6 36
6 36
6 35
6 37
5 44
5 50
5 43
5 60
5 71
5 55
5 40
5 48
5 41
5 43
5 50
5 51
5 53
5 50
5 35
5 33
5 30
5 30
5 40
5 30
5 30
5 31
5 37
5 31
5 31
5 31
5 31
5 30
5 45
5 37
5 32
5 34
5 55
5 40
5 44
5 43
5 40
5 40
5 38
5 37
5 65
5 30
5 45
5 36
5 36
5 32
5 53
5 36
5 32
5 31
5 32
5 31
5 31
5 41
5 38
5 39
5 37
5 41
5 51
5 36
5 31
5 41
5 48
5 58
5 50
5 41
5 37
5 36
5 37
5 40
5 40
5 35
5 37
5 37
5 37
5 37
5 36
5 38
5 38
5 31
5 30
5 35
5 37
5 37
5 38
5 39
5 40
5 35
5 36
5 38
5 74
5 63
5 61
5 31
4 66
4 44
4 52
4 32
4 42
4 61
4 48
4 35
4 38
4 30
4 30
4 34
4 30
4 33
4 30
4 31
4 42
4 31
4 31
4 30
4 37
4 65
4 31
4 32
4 72
4 31
4 53
4 53
4 45
4 36
4 40
4 41
4 43
4 43
4 40
4 40
4 38
4 59
4 30
4 30
4 30
4 65
4 100
4 86
4 48
4 33
4 31
4 38
4 59
4 61
4 48
4 34
4 43
4 42
4 34
4 30
4 32
4 34
4 38
4 41
4 60
4 39
4 35
4 48
4 53
4 34
4 38
4 34
4 34
4 36
4 30
4 61
4 42
4 85
4 30
4 31
4 43
4 35
4 40
4 40
4 57
4 49
4 59
4 40
4 75
4 77
4 62
4 63
4 52
4 52
4 31
4 33
3 71
3 80
3 33
3 49
3 39
3 44
3 38
3 50
3 31
3 31
3 73
3 32
3 31
3 33
3 34
3 34
3 33
3 33
3 45
3 31
3 48
3 41
3 108
3 104
3 109
3 30
3 64
3 64
3 33
3 32
3 31
3 34
3 33
3 40
3 72
3 43
3 36
3 36
3 36
3 37
3 36
3 50
3 32
3 31
3 31
3 33
3 30
3 32
3 31
3 43
3 42
3 62
3 34
3 34
3 33
3 32
3 77
3 31
3 39
3 37
3 48
3 30
3 68
3 84
3 65
3 65
3 49
3 35
3 47
3 32
3 41
3 40
3 36
3 30
3 50
3 58
3 42
3 58
3 36
3 30
3 31
3 55
3 32
3 39
3 38
3 39
3 33
3 36
3 43
3 37
3 32
3 31
3 63
3 33
3 37
3 38
3 68
3 71
3 93
3 68
3 68
3 49
3 39
3 102
3 33
3 32
3 34
3 37
3 33
3 43
3 78
3 32
3 31
3 42
3 33
3 34
3 32
3 39
3 45
3 114
3 113
3 51
3 47
3 47
3 47
3 39
3 37
3 37
3 41
3 63
3 33
3 30
3 42
3 39
3 43
3 39
3 36
3 40
3 49
3 59
3 59
3 59
3 32
3 53
3 52
3 31
3 37
3 86
3 37
3 36
3 35
3 61
3 32
3 39
3 37
3 35
3 44
3 79
3 39
3 37
3 54
3 54
3 63
3 39
3 38
3 38
3 44
3 39
3 38
3 38
3 36
3 30
3 36
3 32
3 35
3 32
3 107
3 115
3 108
3 56
3 57
3 57
3 41
3 30
3 31
3 31
3 30
3 48
3 30
3 30
3 30
3 32
3 39
3 30
3 31
3 34
3 34
3 36
3 40
3 34
3 34
3 35
3 30
3 39
3 39
3 40
3 65
3 62
3 63
3 33
3 32
3 65
3 65
3 31
3 61
3 32
3 33
3 58
3 37
3 41
3 38
3 36
3 35
3 35
3 33
3 35
3 33
3 35
3 35
3 33
3 35
3 100
3 100
3 99
3 48
3 34
3 38
3 38
3 38
3 40
3 52
3 52
3 53
3 39
3 37
3 37
3 55
3 53
3 53
3 33
3 33
3 33
3 33
3 37
3 39
3 39
3 39
3 31
3 48
3 48
3 47
3 47
3 37
3 37
3 33
3 43
3 43
3 43
3 43
3 44
3 43
3 43
3 43
3 43
3 43
3 37
3 63
3 35
3 51
3 51
3 51
3 38
3 31
3 42
3 47
3 30
3 30
3 30
3 90
3 91
3 90
3 42
3 42
3 42
3 40
3 38
3 38
3 112
3 112
3 113
3 66
3 68
3 67
3 37
3 37
3 37
3 32
3 39
3 38
3 39
3 38
3 38
3 38
3 38
3 38
3 38
3 38
3 58
3 56
3 56
3 57
3 67
3 67
3 67
3 70
3 64
3 69
3 31
3 38
3 82
3 73
3 71
3 110
3 30
3 68
3 70
3 46
3 52
3 40
3 40
3 40
3 63
3 76
3 52
3 30
3 32
3 32
3 32
3 34
3 39
3 56
3 39
3 39
3 42
3 42
3 42
3 43
3 94
3 44
3 92
3 95
3 88
3 92
3 88
3 91
3 91
3 91
3 88
3 58
3 30
3 30
3 30
3 32
3 35
3 35
3 32
3 46
3 32
3 45
3 39
3 35
3 35
3 65
3 49
3 47
3 50
3 66
3 37
3 37
3 37
3 88
3 90
3 88
3 72
3 49
3 38
3 31
3 31
3 46
3 40
3 41
3 60
3 57
3 30
3 58
3 58
3 56
3 63
3 56
3 58
3 58
3 56
3 58
3 54
3 54
3 55
3 45
3 41
3 32
3 32
3 32
3 61
3 52
3 50
3 43
3 43
3 43
3 33
3 32
3 32
3 42
3 32
3 32
3 38
3 98
3 97
3 97
3 31
3 31
3 59
3 58
3 58
3 33
3 35
3 34
3 34
3 59
3 59
3 66
3 73
3 66
3 63
3 62
3 63
3 73
3 72
3 75
3 72
3 74
3 73
3 42
3 51
3 45
3 30
3 74
3 72
3 72
3 72
3 44
3 44
3 44
3 35
3 35
3 39
3 39
3 39
3 35
3 81
3 86
3 81
3 59
3 31
3 30
3 32
3 31
3 38
3 38
3 39
3 58
3 32
3 32
3 33
3 32
3 31
3 31
3 38
3 38
3 39
3 37
3 38
3 37
3 38
3 38
3 37
3 38
3 37
3 63
3 61
3 61
3 50
3 39
3 37
3 37
3 89
3 59
3 79
3 53
3 107
3 104
3 107
3 34
3 34
3 33
3 31
3 36
3 43
3 37
3 42
3 48
3 30
3 35
3 33
3 33
3 34
3 37
3 57
3 36
3 38
3 34
3 36
3 34
3 36
3 36
3 34
3 36
3 74
3 82
3 75
3 86
3 73
3 45
3 35
3 33
3 34
3 64
3 52
3 49
3 49
3 31
3 39
3 54
3 73
3 52
3 52
3 52
3 85
3 84
3 85
3 34
3 35
3 35
3 77
3 76
3 77
3 37
3 38
3 38
3 32
3 35
3 31
3 47
3 47
3 47
3 37
3 31
3 32
3 36
3 36
3 36
3 35
3 35
3 35
3 48
3 49
3 46
3 47
3 46
3 45
3 35
3 35
3 35
3 39
3 38
3 38
3 73
3 72
3 72
3 42
3 42
3 42
3 69
3 69
3 69
3 34
3 37
3 34
3 33
3 69
3 47
3 69
3 70
3 67
3 78
3 67
3 69
3 70
3 70
3 67
3 36
3 57
3 57
3 57
2 32
2 37
2 34
2 62
2 46
2 53
2 48
2 56
2 46
2 30
2 30
2 38
2 35
2 83
2 31
2 33
2 45
2 36
2 37
2 36
2 30
2 37
2 37
2 44
2 33
2 35
2 48
2 51
2 61
2 92
2 67
2 40
2 35
2 68
2 32
2 31
2 52
2 45
2 55
2 52
2 40
2 36
2 39
2 74
2 38
2 37
2 30
2 35
2 42
2 53
2 35
2 41
2 33
2 38
2 32
2 32
2 36
2 46
2 48
2 141
2 89
2 30
2 33
2 33
2 33
2 32
2 66
2 82
2 49
2 32
2 56
2 45
2 31
2 52
2 36
2 35
2 39
2 43
2 35
2 48
2 44
2 79
2 30
2 34
2 45
2 51
2 30
2 32
2 100
2 47
2 31
2 42
2 37
2 35
2 36
2 96
2 60
2 30
2 79
2 36
2 37
2 57
2 30
2 34
2 89
2 114
2 36
2 60
2 34
2 68
2 45
2 87
2 61
2 45
2 33
2 60
2 40
2 49
2 45
2 30
2 32
2 32
2 45
2 61
2 37
2 44
2 38
2 32
2 35
2 46
2 59
2 79
2 45
2 42
2 49
2 30
2 53
2 82
2 31
2 38
2 39
2 44
2 39
2 60
2 57
2 34
2 35
2 44
2 32
2 30
2 50
2 40
2 35
2 34
2 53
2 42
2 31
2 47
2 59
2 52
2 55
2 47
2 30
2 48
2 51
2 37
2 49
2 31
2 36
2 35
2 35
2 35
2 34
2 41
2 40
2 61
2 46
2 43
2 64
2 40
2 31
2 52
2 47
2 31
2 48
2 60
2 66
2 56
2 76
2 55
2 62
2 38
2 38
2 44
2 47
2 48
2 31
2 56
2 31
2 52
2 39
2 36
2 38
2 66
2 50
2 34
2 46
2 30
2 30
2 52
2 43
2 31
2 31
2 31
2 40
2 32
2 38
2 46
2 34
2 45
2 30
2 41
2 58
2 30
2 35
2 65
2 50
2 64
2 67
2 36
2 42
2 33
2 34
2 37
2 32
2 58
2 39
2 58
2 42
2 34
2 69
2 30
2 39
2 92
2 34
2 38
2 36
2 44
2 66
2 62
2 33
2 33
2 39
2 57
2 86
2 47
2 53
2 49
2 41
2 30
2 36
2 32
2 39
2 34
2 34
2 32
2 35
2 45
2 72
2 32
2 44
2 44
2 37
2 32
2 30
2 37
2 37
2 49
2 55
2 52
2 59
2 40
2 47
2 42
2 33
2 31
2 31
2 36
2 32
2 42
2 38
2 51
2 35
2 43
2 32
2 33
2 44
2 31
2 46
2 46
2 40
2 38
2 37
2 41
2 33
2 39
2 32
2 54
2 52
2 36
2 32
2 32
2 45
2 35
2 43
2 53
2 48
2 34
2 36
2 41
2 44
2 44
2 31
2 40
2 43
2 39
2 43
2 60
2 50
2 39
2 33
2 60
2 35
2 31
2 31
2 37
2 37
2 34
2 41
2 50
2 42
2 34
2 42
2 50
2 52
2 30
2 51
2 50
2 55
2 37
2 36
2 43
2 33
2 36
2 31
2 35
2 41
2 57
2 79
2 38
2 47
2 61
2 32
2 32
2 34
2 40
2 35
2 39
2 48
2 31
2 36
2 46
2 34
2 59
2 75
2 46
2 35
2 61
2 40
2 51
2 30
2 34
2 33
2 37
2 72
2 32
2 48
2 37
2 34
2 42
2 33
2 35
2 62
2 52
2 31
2 36
2 33
2 34
2 37
2 46
2 44
2 40
2 35
2 37
2 55
2 65
2 48
2 31
2 36
2 35
2 43
2 47
2 44
2 32
2 34
2 42
2 36
2 73
2 30
2 42
2 37
2 55
2 32
2 59
2 36
2 47
2 34
2 35
2 40
2 39
2 49
2 43
2 48
2 43
2 55
2 37
2 65
2 44
2 37
2 32
2 44
2 40
2 34
2 42
2 39
2 31
2 30
2 32
2 43
2 33
2 33
2 32
2 44
2 38
2 31
2 30
2 33
1 33
1 34
1 33
1 53
1 53
1 47
1 49
1 65
1 44
1 48
1 45
1 59
1 37
1 33
1 31
1 42
1 30
1 34
1 57
1 47
1 36
1 33
1 47
1 40
1 37
1 30
1 43
1 31
1 43
1 44
1 44
1 33
1 41
1 39
1 42
1 43
1 41
1 34
1 40
1 38
1 33
1 38
1 37
1 36
1 39
1 38
1 36
1 37
1 35
1 33
1 32
1 31
1 35
1 34
1 37
1 37
1 38
1 31
1 30
1 31
1 35
1 30
1 32
1 46
1 30
1 31
1 32
1 32
1 31
1 74
1 34
1 33
1 51
1 47
1 44
1 60
1 31
1 46
1 48
1 32
1 46
1 52
1 42
1 44
1 42
1 35
1 39
1 33
1 31
1 66
1 35
1 36
1 33
1 35
1 34
1 32
1 36
1 56
1 33
1 31
1 33
1 31
1 44
1 50
1 35
1 33
1 45
1 42
1 60
1 34
1 38
1 79
1 36
1 45
1 35
1 50
1 42
1 50
1 30
1 46
1 32
1 44
1 49
1 38
1 46
1 31
1 30
1 44
1 39
1 40
1 43
1 42
1 31
1 39
1 36
1 41
1 31
1 38
1 33
1 36
1 33
1 32
1 32
1 33
1 31
1 35
1 34
1 33
1 33
1 33
1 31
1 38
1 42
1 31
1 30
1 31
1 31
1 66
1 32
1 60
1 30
1 67
1 34
1 59
1 60
1 54
1 41
1 32
1 31
1 40
1 43
1 30
1 42
1 37
1 34
1 39
1 43
1 42
1 73
1 41
1 38
1 37
1 37
1 40
1 39
1 37
1 39
1 35
1 38
1 33
1 35
1 34
1 36
1 55