0 1 22 23 25 27 30 37 86 110 301
0 1 13 14 16 17 37 110 158 301
0 1 22 23 25 37 47 110
3 12 28 55 62 168 172 339
0 1 22 27 30 37 110 180
0 1 23 25 30 37 86 180
22 23 25 27 30 86 110 180
0 1 13 14 37 47 110
0 1 13 16 37 110 545
0 1 13 16 17 37 47
0 13 14 16 17 47 110
1 14 16 17 37 47 110
0 1 17 37 110 301 545
0 1 30 37 47 86 110
2 3 6 8 10 37 44
0 1 22 27 37 47 86
0 1 14 37 110 158 545
0 1 13 16 47 110 158
0 13 14 16 37 47 158
0 1 13 17 37 158 545
0 13 17 37 47 110 158
0 1 16 17 110 158 545
1 13 14 16 17 47 158
0 1 14 17 37 47 158
0 1 23 25 27 110 180
0 22 23 25 27 37 180
0 1 22 23 86 110 180
0 22 25 37 86 110 180
0 23 27 37 86 110 180
1 22 23 27 37 86 180
1 25 27 37 86 110 180
0 1 22 25 27 86 180
2 6 8 10 37 426 1456
0 1 22 23 37 545
0 1 24 37 47 301
0 1 22 23 30 47
22 23 30 37 47 110
0 22 25 30 37 47
1 22 25 30 47 110
0 22 27 30 47 110
0 1 14 32 37 301
0 1 22 37 110 123
13 14 17 110 158 545
1 23 27 37 47 110
0 25 27 37 47 110
1 23 30 37 110 180
1 22 25 30 37 180
0 1 13 47 301
0 14 37 47 301
0 1 16 301 545
0 14 16 37 545
13 14 16 110 545
0 1 14 16 47
13 16 37 47 110
1 16 37 47 301
1 13 17 47 110
13 14 17 37 47
1 16 17 37 545
0 13 17 110 545
0 1 14 17 545
14 17 37 110 545
2 6 8 21 37
0 1 14 22 37
0 1 22 110 545
0 23 37 110 545
0 1 24 37 545
1 25 37 110 545
0 22 25 37 545
0 1 23 25 545
1 22 30 37 47
0 23 30 37 47
1 23 30 47 110
0 1 25 30 47
25 30 37 47 110
0 22 30 47 86
0 1 13 32 37
0 1 14 32 110
0 32 37 301 545
1 14 32 37 545
2 6 8 10 35
2 8 10 37 43
2 6 8 44 426
8 10 37 44 426
6 8 37 44 1456
2 8 10 44 1456
2 6 37 44 972
6 8 10 44 972
0 1 37 46 301
6 8 10 37 47
0 1 37 47 54
2 6 10 37 81
0 1 13 84 110
0 14 37 84 110
0 1 16 37 84
1 17 37 84 110
0 1 23 47 86
23 37 47 86 110
0 25 37 47 86
1 25 47 86 110
0 27 47 86 110
0 1 23 37 123
0 1 25 110 123
0 27 37 110 123
1 30 37 110 123
23 25 27 30 123
1 13 110 158 545
1 37 158 301 545
0 110 158 301 545
1 13 37 47 158
16 37 110 158 545
14 16 47 110 158
13 16 17 158 545
0 16 17 47 158
1 22 27 47 110
0 22 23 27 47
1 25 27 37 47
22 23 37 110 180
1 22 25 110 180
0 23 30 110 180
1 22 23 30 180
0 22 25 30 180
23 27 30 37 180
1 25 27 30 180
1 30 86 110 180
22 30 37 86 180
0 27 30 86 180
2 3 6 8 2326
3 8 10 37 2326
3 6 8 37 426
2 3 8 10 426
2 8 37 426 972
2 6 10 426 972
2 3 6 37 497
3 6 8 10 497
0 1 37 110 815
2 3 8 37 968
2 3 6 10 968
2 3 10 37 972
2 6 8 972 1456
8 10 37 972 1456
3 6 10 37 1232
3 4 66 544
13 37 47 301
1 14 47 301
4 7 15 544
16 37 301 545
1 14 16 545
0 16 47 301
2 10 21 37
6 8 10 21
22 37 110 545
1 23 110 545
0 1 14 23
0 25 110 545
0 14 25 37
1 22 25 545
23 25 37 545
4 19 29 544
0 1 30 545
1 27 30 47
0 13 14 32
14 32 37 110
0 1 16 32
0 22 32 37
1 32 301 545
1 32 37 47
2 6 8 34
2 6 35 37
8 10 35 37
4 9 38 544
4 11 41 544
6 8 37 43
2 6 10 43
2 37 44 426
6 10 44 426
2 6 44 1456
10 37 44 1456
2 8 44 972
0 1 46 47
0 37 46 110
2 8 37 47
3 12 50 172
4 52 172 544
0 1 54 301
0 1 37 57
0 37 61 301
1 3 12 62
1 37 74 301
2 8 10 81
0 13 37 84
1 14 37 84
13 14 84 110
0 16 84 110
0 1 17 84
14 16 17 84
1 84 110 158
0 37 86 545
22 23 47 86
6 10 37 90
0 23 110 123
1 25 37 123
22 25 110 123
0 1 27 123
22 23 27 123
0 37 47 123
27 30 110 123
22 30 86 123
1 86 110 123
23 25 86 123
17 158 301 545
22 25 27 47
1 27 37 545
0 1 13 180
0 16 37 180
1 4 267 544
2 3 37 2326
3 6 10 2326
2 3 6 426
3 10 37 426
6 8 426 972
2 3 8 497
13 14 37 545
0 14 301 545
1 13 37 815
3 6 8 968
3 6 37 972
3 8 10 972
2 37 972 1456
6 10 972 1456
12 168 172 1103
62 168 339 1103
3 8 37 1232
2 3 10 1232
3 5 66
5 7 15
5 15 370
7 15 370
17 47 301
4 18 544
5 15 18
7 15 18
20 66 544
4 20 66
2 3 21
3 8 21
14 22 110
16 22 110
14 23 37
14 23 110
1 14 25
14 25 110
3 12 26
30 37 545
30 110 545
22 30 545
31 66 544
4 31 66
5 31 66
14 32 47
16 32 37
14 16 32
16 32 47
16 32 110
1 22 32
22 32 110
23 32 110
22 23 32
0 32 47
32 47 301
0 32 84
1 32 84
32 37 84
33 66 544
4 33 66
5 33 66
2 34 37
6 34 37
8 34 37
2 10 34
10 34 37
6 10 34
8 10 34
34 66 544
4 34 66
5 34 66
8 35 426
35 66 544
4 35 66
5 35 66
4 36 544
4 36 267
36 172 267
36 81 114
5 9 38
9 38 370
4 40 544
31 40 66
40 66 544
4 40 66
5 40 66
5 11 41
4 42 544
5 42 172
3 8 43
4 45 544
5 18 45
7 18 45
18 45 954
1 46 545
46 301 545
37 46 47
46 47 301
1 46 110
2 10 47
47 110 301
2 6 47
4 48 544
5 7 48
7 48 173
5 18 48
15 18 48
7 15 48
7 45 48
18 45 48
4 49 544
3 50 62
12 50 62
4 51 544
5 52 172
4 53 544
31 53 66
40 53 66
53 66 544
4 53 66
5 53 66
54 301 545
37 54 301
47 54 301
5 56 66
0 57 301
1 57 301
37 57 301
4 58 544
33 58 66
58 66 544
4 58 66
5 58 66
1 59 267
1 59 81
1 59 114
59 114 267
59 81 114
0 1 61
1 37 61
1 61 301
0 1 63
0 37 63
1 37 63
4 64 544
64 66 544
4 64 66
5 64 66
4 65 544
1 69 267
36 69 114
59 69 267
59 69 81
59 69 114
1 69 81
1 69 114
69 114 267
69 81 114
0 1 71
0 37 71
1 37 71
7 72 173
0 1 74
0 37 74
0 74 301
4 75 544
33 66 75
66 75 544
4 66 75
5 66 75
31 66 77
4 79 544
4 80 544
11 80 544
4 11 80
3 66 81
4 81 544
6 8 81
8 37 81
66 81 544
4 66 81
5 66 81
0 1 82
0 37 82
1 37 82
13 16 84
13 17 84
0 84 158
37 84 158
13 84 158
16 84 158
17 84 158
0 84 545
1 84 545
37 84 545
0 84 301
1 84 301
37 84 301
0 47 84
1 47 84
37 47 84
47 84 301
0 84 180
1 84 180
37 84 180
1 86 545
86 110 545
0 14 86
1 14 86
14 37 86
14 86 110
22 86 545
4 87 544
5 66 87
2 37 90
6 8 90
2 6 90
2 8 90
8 37 90
8 10 90
2 10 90
4 91 544
0 1 95
0 37 95
1 37 95
0 1 103
0 37 103
1 37 103
2 37 104
6 8 104
2 6 104
2 8 104
8 10 104
2 10 104
6 10 104
5 66 108
111 172 267
1 114 267
1 81 114
81 114 267
2 37 120
6 8 120
2 6 120
6 37 120
2 8 120
8 37 120
8 10 120
2 10 120
10 37 120
6 10 120
0 123 301
1 123 301
37 123 301
1 47 123
47 123 301
0 30 123
0 86 123
37 86 123
27 86 123
0 1 125
0 37 125
1 37 125
0 1 136
0 37 136
1 37 136
0 1 139
0 37 139
1 37 139
47 158 301
0 14 27
1 14 27
14 27 37
14 27 110
22 27 545
23 27 545
25 27 545
0 27 545
27 110 545
0 1 166
0 37 166
1 37 166
4 173 544
5 7 173
7 18 173
2 37 175
6 8 175
2 6 175
6 37 175
2 8 175
8 37 175
8 10 175
2 10 175
10 37 175
6 10 175
12 62 176
13 37 180
13 110 180
0 14 180
1 14 180
14 37 180
13 14 180
14 110 180
1 16 180
13 16 180
0 180 545
1 180 545
37 180 545
0 180 301
1 180 301
37 180 301
0 47 180
1 47 180
37 47 180
0 1 192
0 37 192
1 37 192
0 1 201
0 37 201
1 37 201
0 201 301
1 201 301
37 201 301
0 47 201
1 47 201
37 47 201
47 201 301
2 37 210
6 8 210
2 6 210
6 37 210
2 8 210
8 37 210
8 10 210
2 10 210
10 37 210
6 10 210
2 44 210
0 1 239
0 37 239
1 37 239
0 1 256
0 37 256
1 37 256
0 1 267
0 37 267
1 37 267
3 4 267
1 5 267
172 267 544
4 172 267
5 172 267
1 267 301
0 267 301
6 37 2326
2 10 2326
8 972 2326
8 1998 2326
0 1 293
0 37 293
1 37 293
1 301 544
4 301 544
1 4 301
1 5 301
4 309 544
66 309 544
4 66 309
4 322 544
4 60 544
53 60 66
60 66 544
4 60 66
0 1 2109
0 37 2109
1 37 2109
5 7 370
2 37 372
3 8 372
6 8 372
2 6 372
6 37 372
2 8 372
8 37 372
8 10 372
2 10 372
6 10 372
10 37 372
2 372 1456
6 372 1456
8 372 1456
10 372 1456
5 66 388
4 389 544
5 48 427
7 48 427
18 48 427
7 15 427
4 452 544
0 1 479
0 37 479
1 37 479
4 479 544
1 4 479
1 267 479
1 479 544
1 301 479
0 1 496
0 37 496
1 37 496
8 37 497
2 10 497
10 37 497
4 498 544
4 504 544
0 1 2556
0 37 2556
1 37 2556
4 544 2556
1 4 2556
1 544 2556
2 37 529
2 3 529
3 8 529
6 8 529
2 6 529
6 37 529
2 8 529
8 37 529
8 10 529
2 10 529
10 37 529
6 10 529
0 47 545
1 47 545
37 47 545
47 301 545
13 301 545
0 1 559
0 37 559
1 37 559
4 544 585
172 544 585
4 172 585
0 1 602
0 37 602
1 37 602
0 1 2657
0 37 2657
1 37 2657
4 544 2657
66 544 628
4 66 628
5 66 628
0 1 2157
0 37 2157
1 37 2157
4 544 663
5 66 667
0 1 686
0 37 686
1 37 686
4 544 709
0 1 814
0 37 814
1 37 814
0 13 815
1 14 815
0 301 815
1 301 815
37 301 815
0 1 821
0 37 821
1 37 821
2 37 821
6 8 821
2 6 821
6 37 821
2 8 821
8 37 821
0 301 821
1 301 821
37 301 821
37 47 821
2 10 821
10 37 821
6 10 821
8 10 821
0 1 823
0 37 823
1 37 823
1 267 831
81 114 831
0 1 902
0 37 902
1 37 902
7 18 954
6 37 968
8 10 968
10 37 968
2 968 972
6 968 972
8 968 972
8 426 968
9 38 971
0 1 973
0 37 973
1 37 973
1 301 973
0 1 978
0 37 978
1 37 978
0 1 990
0 37 990
1 37 990
2 37 1008
6 8 1008
2 6 1008
6 37 1008
2 8 1008
8 37 1008
8 10 1008
2 10 1008
10 37 1008
6 10 1008
8 972 1008
0 1 1102
0 37 1102
1 37 1102
4 544 1102
1 301 1102
37 301 1102
0 301 1102
12 62 1103
62 172 1103
12 339 1103
172 339 1103
0 1 1121
0 37 1121
1 37 1121
0 301 1121
1 301 1121
37 301 1121
4 544 1122
59 267 1124
59 114 1124
81 267 1124
114 267 1124
81 114 1124
3 972 1193
4 544 1194
0 1 1226
0 37 1226
1 37 1226
2 37 1226
4 544 1226
6 8 1226
2 6 1226
6 37 1226
2 8 1226
8 37 1226
8 10 1226
2 10 1226
10 37 1226
6 10 1226
2 37 1232
2 6 1232
6 8 1232
2 8 1232
8 10 1232
8 1232 1456
0 1 1243
0 37 1243
1 37 1243
4 544 1243
0 1 1262
0 37 1262
1 37 1262
5 18 1263
7 48 1263
4 217 544
31 66 217
66 217 544
4 66 217
5 66 217
0 1 1349
0 37 1349
1 37 1349
0 301 1349
1 301 1349
37 301 1349
0 1 1374
0 37 1374
1 37 1374
0 13 1374
1 13 1374
13 37 1374
0 301 1374
1 301 1374
37 301 1374
0 1 1380
0 37 1380
1 37 1380
0 1 1400
0 37 1400
1 37 1400
0 1 1454
0 37 1454
1 37 1454
0 1 1455
0 37 1455
1 37 1455
4 544 1455
2 3 1456
3 37 1456
3 6 1456
3 8 1456
3 10 1456
0 1 2368
0 37 2368
1 37 2368
0 1 1595
0 37 1595
1 37 1595
0 1 1631
0 37 1631
1 37 1631
0 1 1908
0 37 1908
1 37 1908
1 37 1920
0 1 1920
0 37 1920
0 301 1920
1 301 1920
37 301 1920
5 66 1955
2 37 1998
2 3 1998
6 8 1998
2 6 1998
6 37 1998
2 8 1998
8 37 1998
8 10 1998
2 10 1998
6 10 1998
10 37 1998
5 66 2026
0 1 2027
0 37 2027
1 37 2027
2 544
3 11
12 301
18 370
66 2067
2 20
3 20
5 20
9 20
10 20
20 172
21 972
21 1232
24 66
5 26
26 544
26 172
9 26
5 29
29 41
14 30
3 31
31 81
33 172
3 34
3 35
1 36
5 36
7 38
7 39
15 39
18 39
39 370
19 41
41 66
42 66
4 43
5 43
43 544
43 66
44 66
9 49
18 50
5 51
51 172
51 66
33 51
52 1243
4 56
56 544
47 57
14 57
36 59
59 172
59 66
62 301
62 66
1 65
65 172
19 67
29 67
69 172
69 831
5 70
70 544
5 72
58 75
19 76
29 76
5 77
1 78
78 267
5 79
79 172
41 80
80 1194
81 172
1 83
37 83
66 88
5 89
66 91
9 92
96 301
7 97
1 98
98 172
66 99
2 100
3 100
6 100
8 100
21 100
100 972
100 1232
19 102
29 102
66 105
11 106
80 106
106 1194
66 107
4 111
111 544
66 112
66 113
12 114
114 172
3 19
5 19
116 172
9 117
19 119
29 119
66 121
2 122
14 123
1 126
114 126
126 267
69 126
5 127
66 127
11 129
2 132
3 132
132 691
100 132
66 133
66 135
2 137
66 138
16 139
1 141
12 141
5 143
66 143
9 144
8 146
147 172
7 151
1 152
66 153
154 172
7 159
18 159
159 370
66 160
28 161
16 27
1 170
172 176
52 177
172 177
9 178
172 179
24 180
66 184
172 186
66 187
66 189
66 193
194 544
7 197
18 197
197 1692
48 197
66 198
66 200
201 545
66 208
37 211
172 211
7 212
7 12
1 218
7 219
219 427
48 219
219 1263
222 544
2 224
4 224
10 224
224 544
66 224
11 232
9 243
7 250
15 250
18 250
39 250
7 252
173 252
172 254
254 498
172 257
1 2310
12 267
1 270
173 272
72 272
5 273
172 273
273 498
9 66
3 9
9 62
66 2331
1 286
66 293
5 294
294 544
66 294
7 308
308 544
53 309
66 320
5 322
66 322
5 324
66 324
2 333
5 334
172 334
172 340
66 362
4 370
370 544
66 370
66 2110
172 385
172 386
386 498
5 387
51 387
5 389
9 389
370 389
427 1692
427 1263
1 449
37 449
66 451
1 452
172 453
37 469
56 478
66 478
5 479
172 492
37 493
301 493
19 495
5 498
172 498
479 498
1 2548
1 504
2 2557
37 2557
525 544
172 525
66 527
37 2594
544 2604
66 557
19 558
172 560
544 581
172 581
5 585
498 585
5 2644
544 2644
7 2654
217 628
66 632
66 634
7 2696
18 2696
15 2696
250 2696
5 663
37 666
66 666
544 667
34 667
37 2068
9 687
5 690
66 690
2 691
3 691
172 695
37 2746
5 709
66 709
1955 2760
5 743
18 743
15 743
743 1263
5 746
4 753
544 753
5 754
11 811
1 813
16 815
32 815
180 815
821 972
7 822
5 824
427 824
48 824
15 824
824 1263
4 831
544 831
172 831
301 831
5 878
9 879
7 904
904 1263
66 906
628 906
114 948
267 948
2 949
949 972
5 950
5 951
66 951
544 952
172 952
172 953
3 954
5 954
954 1232
5 965
66 965
66 966
1 968
4 971
5 971
544 971
66 971
370 971
114 987
5 989
66 989
544 1087
66 1090
66 1091
12 1093
62 1093
66 1093
172 1093
1 1094
1 1095
37 1095
3 1103
301 1103
4 1116
544 1116
5 1122
7 1122
15 1122
1 1124
172 1124
69 1124
66 1129
66 1189
1 1193
2 1193
267 1193
172 1193
81 1193
114 1193
5 1194
41 1194
11 1194
427 1195
48 1195
15 1195
1195 1263
11 1196
4 2593
544 2593
5 1226
66 1226
4 1232
544 1232
66 1232
4 1236
544 1236
66 1236
5 1243
172 1243
301 1243
66 1243
1 1244
1 1251
45 1263
15 1263
66 1273
37 556
24 1380
5 1381
48 1386
1263 1386
5 1387
370 1387
172 1455
66 1461
66 1480
7 1565
5 1567
66 262
66 1629
66 1630
37 1648
37 1649
5 1665
544 1665
267 1665
172 1675
37 1677
301 1677
5 1692
7 1692
18 1692
1263 1692
48 1692
172 1708
172 1891
66 1892
954 2372
158 1908
544 1923
173 1923
5 323
37 1945
301 1945
544 1946
66 1946
34 1955
301 1996
5 1997
66 1997
66 1998
1232 1998
1 2029
37 2029
2055
2057
2075
2108
68
73
85
93
94
101
109
118
124
128
130
131
134
140
142
145
148
2074
164
165
167
169
174
181
183
185
188
190
191
195
199
206
207
213
2084
220
221
223
228
229
230
231
234
235
236
237
238
240
241
242
244
245
246
2307
2308
2309
264
2313
271
2327
280
2332
287
289
295
302
2056
2364
2367
2371
2107
371
2113
2490
450
2515
494
2547
524
526
528
555
579
580
582
584
600
2656
629
630
631
633
2684
2156
654
664
665
668
689
692
2758
2762
755
812
825
830
869
877
880
901
903
905
2546
955
956
967
969
974
976
988
1007
1084
1086
1088
1089
1092
1096
1099
1100
1101
1115
1117
1118
1119
1120
1123
1187
1188
1233
1235
1240
1241
1250
1264
1265
1267
1272
1347
1350
1357
1358
1359
1360
1460
259
1566
2312
1589
265
1600
1608
1616
1623
1666
278
1676
1680
2328
1707
1890
1902
1917
1918
1919
1921
1922
1944
1947
1948
1949
1950
1966
1967
2020
2021
2022
2024
2025
2028
2032