0 1 22 23 25 27 30 37 86 110 301
0 1 13 14 16 17 37 110 158 545
3 12 28 55 62 168 172 339
0 1 13 14 37 47 301
2 3 6 8 10 37 44
0 1 13 16 301 545
14 16 37 110 301 545
0 13 14 16 47 110
0 13 17 37 110 301
1 14 17 37 47 110
0 1 22 37 110 545
0 1 23 25 37 47
0 22 23 30 47 110
1 22 27 30 37 47
22 25 27 30 110 545
0 1 14 16 37 84
1 22 25 47 86 110
0 27 37 47 86 110
0 1 23 27 86 545
1 13 16 37 47 158
1 17 110 158 301 545
13 14 16 17 158 301
22 23 25 37 110 180
0 1 25 27 110 180
0 23 27 30 37 180
1 30 37 86 110 180
0 22 25 30 86 180
2 6 8 37 1998 2326
2 8 10 37 372 1456
2 6 8 10 426 972
1 16 17 37 301
0 1 16 17 47
0 14 17 301 545
0 1 14 23 110
0 24 37 301 545
0 14 25 37 110
0 23 25 110 545
1 22 23 25 545
1 23 30 37 545
0 1 25 30 545
25 30 37 47 110
0 25 27 30 47
0 30 37 86 545
0 1 30 47 86
23 30 86 110 545
0 13 16 32 37
0 1 27 32 37
1 32 37 301 545
0 1 14 32 545
0 1 17 37 46
3 12 50 168 172
12 50 62 168 339
3 50 62 172 339
4 40 53 66 544
0 1 13 84 110
0 37 84 110 158
22 23 37 47 86
1 25 37 86 545
22 27 37 86 545
23 25 27 47 86
0 23 37 110 123
1 25 37 110 123
0 1 30 37 123
23 25 27 30 123
0 1 86 110 123
13 37 158 301 545
0 1 47 110 158
0 16 37 158 301
0 13 17 47 158
16 17 47 110 158
17 37 47 158 301
0 14 110 158 301
23 27 37 110 545
1 23 27 47 110
0 25 27 37 545
0 1 22 23 180
0 1 24 37 180
1 23 25 30 180
0 23 86 110 180
1 22 27 86 180
25 27 37 86 180
6 8 37 426 1456
0 1 37 158 2157
6 8 37 968 972
2 10 37 968 972
2 6 37 972 1456
3 12 168 339 1103
62 168 172 339 1103
3 12 62 172 1103
4 7 15 544
14 16 37 47
13 16 110 301
2 6 8 21
6 10 21 37
1 14 22 37
0 22 47 301
1 24 47 301
2 8 34 37
6 8 10 34
2 6 10 35
8 10 35 37
4 9 38 544
4 11 41 544
2 37 44 426
8 10 44 426
2 8 44 1456
10 37 44 1456
6 10 44 972
2 8 10 47
4 52 172 544
0 1 54 301
0 37 47 54
1 37 47 57
5 33 58 66
1 69 81 114
13 14 16 84
14 17 84 110
22 27 110 123
22 30 86 123
13 37 110 180
0 13 14 180
14 16 110 180
1 17 110 180
22 30 37 180
27 30 110 180
6 8 44 210
2 10 44 210
1 4 267 544
2 3 37 2326
3 6 8 2326
8 10 1998 2326
6 10 372 1456
2 3 6 426
3 10 37 426
2 10 426 1456
3 6 37 497
2 3 8 497
1 13 37 815
4 19 29 544
3 8 10 968
8 10 972 1456
3 8 37 1232
2 3 10 1232
2 4 544
1 3 37
3 66 544
5 7 15
16 47 301
4 20 66
2 21 37
3 6 21
8 10 21
0 14 22
16 22 110
22 301 545
14 23 37
1 24 545
0 24 47
1 14 25
3 12 26
14 30 110
5 31 66
1 13 32
14 32 301
22 32 37
0 23 32
25 32 110
27 30 32
5 33 172
3 8 34
2 6 34
10 34 37
6 35 37
2 8 35
1 36 267
36 81 114
5 9 38
0 1 40
5 11 41
42 172 544
6 44 426
2 44 972
7 45 544
5 18 45
17 46 110
0 46 545
1 46 301
37 46 47
6 10 47
7 48 173
15 18 48
45 48 954
52 172 1243
37 54 301
1 47 54
0 54 110
0 37 57
1 59 81
59 114 267
0 61 301
1 61 110
1 12 62
19 29 67
69 81 267
33 66 75
1 78 544
4 79 172
11 80 544
6 8 81
2 10 81
13 37 84
0 17 84
1 84 158
14 27 86
8 37 90
2 3 100
21 100 1232
111 172 267
1 22 123
0 25 123
27 37 123
23 86 123
21 132 691
14 47 158
0 16 180
17 37 180
110 158 180
197 427 1692
37 201 545
37 44 210
267 301 544
3 10 2326
6 972 2326
53 60 544
4 7 370
8 372 426
37 426 972
5 48 427
7 427 1263
1 4 479
5 267 479
8 497 1456
66 1955 2760
0 13 815
1 16 815
37 110 815
2 821 1456
7 18 954
161 691 956
8 972 1008
12 172 1093
62 66 1093
59 69 1124
1 114 1124
3 972 1193
24 37 1380
0 158 1908
3 4
0 3
3 301
3 5
1 5
8 301
3 11
12 301
15 370
66 2067
2 20
3 20
5 20
6 20
8 20
9 20
10 20
20 31
20 544
20 172
21 544
21 972
16 23
5 24
16 24
24 66
16 25
4 26
5 26
15 26
26 28
26 544
26 172
9 26
26 62
3 31
4 31
31 544
31 81
24 32
32 47
32 180
32 84
32 86
3 33
4 33
33 544
4 34
5 34
34 544
34 66
1 35
3 35
4 35
5 35
35 544
35 426
35 66
35 81
4 36
5 36
36 544
36 172
7 38
38 370
3 39
7 39
15 39
18 39
39 370
5 40
31 40
37 40
19 41
41 66
4 42
5 42
33 42
37 42
42 66
7 12
7 62
44 66
4 45
14 46
47 172
4 48
48 544
4 49
9 49
49 544
45 50
18 50
4 51
5 51
51 544
51 172
51 66
33 51
5 52
5 53
31 53
54 545
54 180
4 56
5 56
56 544
56 66
14 57
57 301
3 58
4 58
58 544
36 59
59 172
59 831
59 66
7 2108
17 61
37 61
47 61
54 61
62 301
0 63
1 63
4 63
37 63
63 544
1 65
4 65
65 267
65 544
65 172
4 67
5 67
67 544
68 172
36 69
69 1193
69 172
69 831
4 70
5 70
19 70
70 544
0 71
1 71
37 71
5 72
7 72
9 72
18 72
72 173
11 73
0 74
1 74
37 74
74 301
4 75
5 75
75 544
58 75
19 76
29 76
67 76
5 77
31 77
66 77
4 78
78 267
5 79
79 544
4 80
41 80
80 1194
3 81
4 81
5 81
81 544
37 81
81 172
66 81
0 82
1 82
37 82
82 301
1 83
37 83
83 301
23 84
84 545
84 301
47 84
84 180
16 86
4 87
5 87
87 544
66 87
66 88
5 89
66 89
2 90
3 90
6 90
10 90
4 91
91 544
66 91
9 92
93 172
0 95
1 95
37 95
4 96
96 544
96 301
7 97
15 97
1 98
98 172
5 99
6 100
8 100
100 972
101 172
19 102
29 102
0 103
1 103
37 103
103 301
2 104
3 104
6 104
8 104
10 104
37 104
66 105
4 106
11 106
106 544
80 106
106 1194
66 107
5 108
66 108
4 111
111 544
66 112
5 113
66 113
12 114
114 172
3 19
5 19
116 172
9 117
19 119
29 119
2 120
6 120
8 120
10 120
37 120
2 121
6 121
8 121
10 121
37 121
66 121
2 122
6 122
8 122
10 122
37 122
14 123
123 545
123 301
47 123
0 125
1 125
37 125
1 126
59 126
81 126
114 126
126 267
69 126
5 127
66 127
128 172
11 129
2 132
3 132
132 1232
100 132
66 133
33 135
66 135
0 136
1 136
136 301
37 136
2 137
3 137
21 137
66 138
0 139
1 139
16 139
37 139
139 301
140 267
1 141
12 141
37 142
5 143
66 143
5 144
9 144
2 146
6 146
8 146
10 146
37 146
147 172
148 544
150 172
7 151
72 151
151 173
1 152
152 267
5 153
66 153
154 172
7 159
18 159
159 370
5 160
66 160
2 161
3 161
132 161
21 161
161 2372
161 1232
100 161
16 27
164 267
0 166
1 166
37 166
1 170
4 173
5 173
15 173
18 173
173 544
2 175
6 175
8 175
10 175
37 175
44 175
12 176
62 176
172 176
52 177
172 177
9 178
172 179
180 545
180 301
47 180
81 183
5 184
66 184
172 186
5 187
34 187
66 187
5 188
33 189
66 189
75 189
0 192
1 192
37 192
66 193
1 194
66 195
5 197
7 197
18 197
48 197
197 1263
66 198
1 199
66 200
0 201
1 201
17 201
201 301
47 201
110 201
0 205
1 205
37 205
205 1595
66 208
66 209
2 211
5 211
8 211
37 211
211 544
7 212
18 212
173 213
7 214
15 214
214 1122
9 215
1 2084
1 218
5 219
219 427
48 219
15 219
219 1263
222 544
2 224
3 224
4 224
5 224
6 224
10 224
224 544
66 224
224 426
0 227
1 227
11 232
66 233
66 238
0 239
1 239
37 239
66 239
66 241
9 243
1 244
7 250
15 250
18 250
39 250
7 252
18 252
173 252
5 254
172 254
254 498
0 256
1 256
37 256
47 256
172 257
0 2310
1 2310
37 2310
9 2314
0 267
3 267
12 267
37 267
1 270
173 272
72 272
5 273
172 273
273 498
9 66
3 9
9 62
7 2327
66 2331
37 2332
1267 2332
1 286
172 289
0 293
1 293
37 293
66 293
5 294
294 544
36 294
66 294
0 295
1 295
37 295
4 301
5 301
66 302
4 308
5 308
7 308
308 544
4 309
309 544
53 309
66 309
7 315
66 320
37 321
4 322
5 322
322 544
66 322
5 323
5 324
66 324
66 2376
7 330
37 331
301 331
2 333
6 333
8 333
10 333
37 333
5 334
172 334
5 340
172 340
172 344
0 350
1 350
351 544
173 351
351 1923
66 353
4 60
5 60
60 66
37 362
66 362
1 364
0 2109
1 2109
37 2109
5 369
5 370
9 370
370 544
66 370
37 371
3 372
66 2110
66 2111
172 385
5 386
386 498
5 387
51 387
5 388
66 388
108 388
4 389
5 389
7 389
9 389
389 544
370 389
66 2113
66 426
45 427
18 427
15 427
0 449
1 449
37 449
7 450
5 451
66 451
451 628
1 452
4 452
5 452
452 544
172 453
267 453
1 469
37 469
37 2524
0 479
479 544
37 479
301 479
5 492
0 493
1 493
37 493
19 495
29 495
0 496
1 496
37 496
10 497
4 498
5 498
498 544
172 498
479 498
66 2547
1 2548
172 2549
1 504
4 504
504 544
37 504
0 2556
1 2556
4 2556
544 2556
37 2556
2 2557
8 2557
10 2557
37 2557
497 2557
6 2557
4 525
525 544
172 525
66 526
51 527
66 527
2 529
3 529
6 529
8 529
10 529
37 529
529 1998
529 2326
47 545
2 2594
6 2594
8 2594
10 2594
37 2594
4 2604
172 2604
544 2604
66 557
19 558
0 559
1 559
37 559
4 560
28 560
544 560
172 560
5 579
1 581
267 581
172 581
172 584
544 584
4 585
5 585
172 585
544 585
498 585
4 2644
5 2644
544 2644
1 601
0 602
1 602
24 602
37 602
7 2654
18 2654
48 2654
0 2657
1 2657
4 2657
544 2657
37 2657
4 628
5 628
544 628
33 628
66 628
217 628
5 632
66 632
66 634
66 2689
7 2696
18 2696
15 2696
250 2696
37 654
4 663
5 663
66 663
544 663
5 666
37 666
3 667
4 667
5 667
544 667
34 667
66 667
66 669
37 2068
301 2731
0 686
1 686
37 686
47 686
9 687
172 689
5 690
66 690
2 691
3 691
691 1232
100 691
1 692
5 695
544 695
0 2746
1 2746
37 2746
4 709
5 709
544 709
66 709
66 2759
5 2760
5 743
7 743
18 743
427 743
48 743
15 743
743 1263
5 746
4 753
544 753
5 754
544 754
2 755
755 972
1 2814
11 811
66 812
1 813
0 814
1 814
37 814
301 814
14 815
47 815
32 815
545 815
301 815
180 815
66 819
0 821
1 821
3 821
6 821
8 821
37 821
301 821
47 821
10 821
821 972
5 822
15 822
370 822
0 823
1 823
37 823
5 824
7 824
427 824
48 824
824 1263
1 831
4 831
267 831
544 831
36 831
172 831
301 831
81 831
114 831
3 29
5 29
29 41
5 877
4 878
5 878
544 878
5 879
370 879
0 902
1 902
37 902
301 902
7 904
427 904
48 904
904 1263
66 906
628 906
11 157
114 948
267 948
2 949
3 949
949 972
5 950
5 951
66 951
1 952
4 952
544 952
172 952
267 952
172 953
1 954
3 954
5 954
28 954
954 1232
2 956
3 956
132 956
21 956
956 2372
956 1232
100 956
5 965
66 965
66 966
66 967
172 967
1 968
426 968
66 970
628 970
906 970
4 971
5 971
7 971
9 971
544 971
66 971
38 971
370 971
0 973
1 973
37 973
301 973
0 978
1 978
37 978
56 478
66 478
1 987
114 987
5 989
544 989
66 989
0 990
1 990
37 990
2 1008
6 1008
10 1008
37 1008
66 169
114 1084
267 1084
544 1087
2 1088
6 1088
8 1088
10 1088
37 1088
66 1090
66 1091
0 1094
1 1094
37 1094
0 1095
1 1095
37 1095
66 1099
0 1102
1 1102
4 1102
544 1102
37 1102
301 1102
37 1103
301 1103
4 1116
544 1116
0 1120
1 1120
37 1120
0 1121
1 1121
13 1121
37 1121
301 1121
4 1122
5 1122
7 1122
18 1122
544 1122
66 1122
15 1122
267 1124
36 1124
172 1124
81 1124
4 1129
5 1129
37 1129
544 1129
66 1129
66 1189
0 1191
1 1191
37 1191
1 1193
2 1193
8 1193
267 1193
172 1193
59 1193
81 1193
114 1193
4 1194
5 1194
41 1194
544 1194
11 1194
18 1195
427 1195
48 1195
15 1195
1195 1263
11 1196
301 2592
4 2593
9 2593
544 2593
0 1226
1 1226
2 1226
3 1226
4 1226
5 1226
6 1226
8 1226
10 1226
544 1226
37 1226
172 1226
66 1226
4 1232
5 1232
6 1232
544 1232
426 1232
1232 1456
972 1232
4 1236
5 1236
544 1236
66 1236
0 1243
1 1243
4 1243
5 1243
544 1243
37 1243
301 1243
66 1243
1 1244
37 1244
172 1244
0 1251
1 1251
5 1251
37 1251
0 1262
1 1262
37 1262
4 1263
5 1263
173 1263
18 1263
544 1263
45 1263
48 1263
15 1263
544 1264
37 1267
66 1272
66 1273
0 556
1 556
37 556
2 43
3 43
4 43
5 43
6 43
8 43
10 43
43 544
37 43
43 66
4 217
5 217
31 217
217 544
66 217
81 217
172 1348
0 1349
1 1349
27 1349
37 1349
301 1349
4 18
18 544
18 370
66 1373
0 1374
1 1374
13 1374
37 1374
301 1374
0 1380
1 1380
5 1381
33 1381
48 1386
1263 1386
5 1387
7 1387
370 1387
301 1390
0 1400
1 1400
37 1400
0 1454
1 1454
37 1454
0 1455
1 1455
4 1455
544 1455
37 1455
172 1455
3 1456
267 1460
5 1461
544 1461
66 1461
66 1468
1 1473
66 1480
0 2368
1 2368
37 2368
37 869
7 1565
1 1566
37 1566
5 1567
66 262
1 1592
0 1595
1 1595
37 1595
66 1601
66 1628
66 1629
5 1630
66 1630
0 1631
1 1631
37 1631
0 1648
1 1648
37 1648
0 1649
1 1649
37 1649
1 1657
1 1665
267 1665
1 1666
5 1675
172 1675
5 1676
0 1677
1 1677
37 1677
5 1692
7 1692
18 1692
1263 1692
544 1692
48 1692
15 1692
172 1708
172 1890
172 1891
66 1892
954 2372
1 1908
37 1908
1908 2157
66 319
1 1920
0 1920
37 1920
301 1920
544 1923
173 1923
4 64
5 64
64 544
64 66
64 81
66 2370
544 2371
37 1945
301 1945
4 1946
544 1946
66 1946
301 1947
37 1950
5 1955
34 1955
66 326
7 1962
0 327
1 327
37 327
1 1966
37 1967
544 1996
301 1996
5 1997
66 1997
3 1998
5 1998
1456 1998
66 1998
1232 1998
172 2020
5 2026
34 2026
66 2026
0 2027
1 2027
16 2027
37 2027
0 2029
1 2029
37 2029
66 2032
2055
2057
2066
2075
2077
2112
85
94
109
118
124
130
131
134
145
149
155
2074
165
167
2076
171
174
181
182
185
190
191
196
204
206
207
220
221
223
228
229
230
231
234
235
236
237
240
242
245
246
258
2307
260
261
2311
2312
265
268
269
271
280
2329
2330
287
288
303
304
305
307
2056
316
317
2367
325
2374
2375
2377
341
342
2105
348
352
354
2107
356
2490
2509
2515
2521
2522
2523
2525
2526
494
2550
2551
2554
524
528
2599
2601
2603
580
582
600
2656
2669
629
630
631
633
2684
2694
2156
653
664
665
668
688
693
694
708
2758
2761
2762
748
749
367
788
790
825
2527
830
2552
880
901
903
905
2546
955
969
974
976
977
988
1007
1085
1086
1089
1092
1096
1098
1100
1101
1114
1115
1117
1118
1119
1123
1185
1187
1188
1233
1234
1235
1240
1241
1242
1250
1265
555
1347
1350
1357
1358
1359
1360
1372
1375
1382
1383
1384
1385
1388
1389
1391
1469
1471
1474
1475
1477
259
2308
263
264
1587
1588
1589
1590
1591
1594
266
1600
1608
1616
1623
1627
278
1680
2328
1707
2309
2313
2364
1902
1917
1918
1919
1921
1922
2369
1943
1944
1948
1949
2373
2021
2022
2024
2025
2028